Top_Displacement_mm,Base_Shear_kN
0.0632893,3.78699
0.126579,7.57153
0.189868,11.3536
0.253157,15.1332
0.316447,18.9103
0.379736,22.685
0.443025,26.4571
0.506315,30.2268
0.569604,33.9939
0.632893,37.7585
0.696183,41.5207
0.759472,45.2802
0.822761,49.0373
0.886051,52.7918
0.94934,56.5437
1.01263,60.2931
1.07592,64.04
1.13921,67.7842
1.2025,71.5259
1.26579,75.265
1.32908,79.0015
1.39237,82.7354
1.45565,86.4668
1.51894,90.1955
1.58223,93.9215
1.64552,97.645
1.70881,101.366
1.7721,105.084
1.83539,108.8
1.89868,112.513
1.96197,116.223
2.02526,119.93
2.08855,123.635
2.15184,127.338
2.21513,131.037
2.27842,134.734
2.34171,138.428
2.40499,142.12
2.46828,145.808
2.53157,149.495
2.59486,153.178
2.65815,156.859
2.72144,160.536
2.78473,164.212
2.84802,167.884
2.91131,171.554
2.9746,175.221
3.03789,178.885
3.10118,182.546
3.16447,186.205
3.22776,189.861
3.29105,193.514
3.35433,197.164
3.41762,200.812
3.48091,204.457
3.5442,208.098
3.60749,211.738
3.67078,215.374
3.73407,219.007
3.79736,222.638
3.86065,226.266
3.92394,229.891
3.98723,233.513
4.05052,237.132
4.11381,240.749
4.1771,244.362
4.24039,247.973
4.30367,251.581
4.36696,255.186
4.43025,258.788
4.49354,262.387
4.55683,265.984
4.62012,269.577
4.68341,273.168
4.7467,276.755
4.80999,280.34
4.87328,283.922
4.93657,287.487
4.99986,291.039
5.06315,294.585
5.12644,298.114
5.18973,301.626
5.25301,305.122
5.3163,308.603
5.37959,312.085
5.44288,315.567
5.50617,319.049
5.56946,322.53
5.63275,326.012
5.69604,329.493
5.75933,332.972
5.82262,336.442
5.88591,339.904
5.9492,343.363
6.01249,346.815
6.07578,350.258
6.13907,353.673
6.20235,357.059
6.26564,360.418
6.32893,363.758
6.39222,367.077
6.45551,370.378
6.5188,373.656
6.58209,376.911
6.64538,380.143
6.70867,383.35
6.77196,386.537
6.83525,389.703
6.89854,392.845
6.96183,395.958
7.02512,399.051
7.08841,402.121
7.15169,405.173
7.21498,408.205
7.27827,411.205
7.34156,414.177
7.40485,417.126
7.46814,420.039
7.53143,422.925
7.59472,425.785
7.65801,428.615
7.7213,431.426
7.78459,434.206
7.84788,436.956
7.91117,439.684
7.97446,442.393
8.03775,445.076
8.10103,447.725
8.16432,450.359
8.22761,452.965
8.2909,455.549
8.35419,458.114
8.41748,460.64
8.48077,463.146
8.54406,465.63
8.60735,468.083
8.67064,470.508
8.73393,472.92
8.79722,475.303
8.86051,477.655
8.9238,479.96
8.98709,482.218
9.05037,484.475
9.11366,486.709
9.17695,488.933
9.24024,491.127
9.30353,493.311
9.36682,495.467
9.43011,497.635
9.4934,499.762
9.55669,501.865
9.49946,499.043
9.44223,496.217
9.385,493.401
9.32776,490.581
9.27053,487.763
9.2133,484.947
9.15607,482.126
9.09884,479.311
9.04161,476.493
8.98438,473.676
8.92714,470.862
8.86991,468.043
8.81268,465.231
8.75545,462.415
8.69822,459.599
8.64099,456.783
8.58376,453.968
8.52653,451.151
8.46929,448.335
8.41206,445.514
8.35483,442.694
8.2976,439.871
8.24037,437.043
8.18314,434.216
8.12591,431.378
8.06867,428.539
8.01144,425.693
7.95421,422.84
7.89698,419.979
7.83975,417.112
7.78252,414.236
7.72529,411.348
7.66806,408.456
7.61082,405.547
7.55359,402.632
7.49636,399.705
7.43913,396.763
7.3819,393.813
7.32467,390.847
7.26744,387.87
7.2102,384.878
7.15297,381.866
7.09574,378.838
7.03851,375.79
6.98128,372.727
6.92405,369.65
6.86682,366.553
6.80959,363.442
6.75235,360.317
6.69512,357.173
6.63789,354.013
6.58066,350.835
6.52343,347.641
6.4662,344.431
6.40897,341.206
6.35173,337.967
6.2945,334.711
6.23727,331.437
6.18004,328.147
6.12281,324.845
6.06558,321.532
6.00835,318.202
5.95112,314.854
5.89388,311.495
5.83665,308.125
5.77942,304.746
5.72219,301.356
5.66496,297.954
5.60773,294.542
5.5505,291.119
5.49326,287.685
5.43603,284.241
5.3788,280.786
5.32157,277.321
5.26434,273.844
5.20711,270.356
5.14988,266.856
5.09265,263.346
5.03541,259.825
4.97818,256.292
4.92095,252.748
4.86372,249.199
4.80649,245.645
4.74926,242.08
4.69203,238.507
4.63479,234.934
4.57756,231.361
4.52033,227.788
4.4631,224.215
4.40587,220.642
4.34864,217.069
4.29141,213.496
4.23418,209.923
4.17694,206.35
4.11971,202.777
4.06248,199.205
4.00525,195.632
3.94802,192.059
3.89079,188.486
3.83356,184.914
3.77632,181.341
3.71909,177.769
3.66186,174.196
3.60463,170.623
3.5474,167.051
3.49017,163.479
3.43294,159.906
3.37571,156.334
3.31847,152.762
3.26124,149.189
3.20401,145.617
3.14678,142.045
3.08955,138.473
3.03232,134.901
2.97509,131.33
2.91785,127.758
2.86062,124.186
2.80339,120.615
2.74616,117.043
2.68893,113.472
2.6317,109.901
2.57447,106.33
2.51724,102.759
2.46,99.188
2.40277,95.6174
2.34554,92.047
2.28831,88.4768
2.23108,84.9069
2.17385,81.3371
2.11662,77.7677
2.05938,74.1985
2.00215,70.6297
1.94492,67.0612
1.88769,63.4931
1.83046,59.9254
1.77323,56.3582
1.716,52.7915
1.65877,49.2254
1.60153,45.66
1.5443,42.0952
1.48707,38.5314
1.42984,34.9684
1.37261,31.4066
1.31538,27.8459
1.25815,24.2867
1.20091,20.729
1.14368,17.1732
1.08645,13.6196
1.02922,10.0684
0.971989,6.52032
0.914758,2.97577
0.857527,-0.564561
0.800295,-4.09981
0.743064,-7.62916
0.685833,-11.1512
0.628601,-14.6644
0.57137,-18.1664
0.514139,-21.6544
0.456907,-25.1241
0.399676,-28.5719
0.342445,-31.9994
0.285213,-35.4112
0.227982,-38.8037
0.170751,-42.1829
0.113519,-45.5513
0.056288,-48.9047
-0.000943333,-52.2487
-0.0581747,-55.5907
-0.115406,-58.9307
-0.172637,-62.2687
-0.229869,-65.6046
-0.2871,-68.9385
-0.344331,-72.2703
-0.401563,-75.6001
-0.458794,-78.9278
-0.516025,-82.2535
-0.573257,-85.577
-0.630488,-88.8985
-0.687719,-92.2179
-0.744951,-95.5353
-0.802182,-98.8505
-0.859413,-102.164
-0.916645,-105.475
-0.973876,-108.784
-1.03111,-112.09
-1.08834,-115.395
-1.14557,-118.698
-1.2028,-121.998
-1.26003,-125.297
-1.31726,-128.593
-1.3745,-131.887
-1.43173,-135.179
-1.48896,-138.468
-1.54619,-141.756
-1.60342,-145.041
-1.66065,-148.325
-1.71788,-151.606
-1.77511,-154.885
-1.83235,-158.162
-1.88958,-161.436
-1.94681,-164.709
-2.00404,-167.979
-2.06127,-171.247
-2.1185,-174.513
-2.17573,-177.776
-2.23297,-181.038
-2.2902,-184.297
-2.34743,-187.554
-2.40466,-190.808
-2.46189,-194.061
-2.51912,-197.311
-2.57635,-200.559
-2.63358,-203.805
-2.69082,-207.049
-2.74805,-210.29
-2.80528,-213.529
-2.86251,-216.766
-2.91974,-220
-2.97697,-223.233
-3.0342,-226.463
-3.09144,-229.69
-3.14867,-232.916
-3.2059,-236.139
-3.26313,-239.36
-3.32036,-242.579
-3.37759,-245.795
-3.43482,-249.009
-3.49205,-252.215
-3.54929,-255.409
-3.60652,-258.596
-3.66375,-261.779
-3.72098,-264.951
-3.77821,-268.111
-3.83544,-271.258
-3.89267,-274.394
-3.94991,-277.517
-4.00714,-280.628
-4.06437,-283.726
-4.1216,-286.812
-4.17883,-289.886
-4.23606,-292.949
-4.29329,-295.998
-4.35052,-299.035
-4.40776,-302.06
-4.46499,-305.072
-4.52222,-308.073
-4.57945,-311.06
-4.63668,-314.03
-4.69391,-316.981
-4.75114,-319.919
-4.80838,-322.841
-4.86561,-325.748
-4.92284,-328.636
-4.98007,-331.506
-5.0373,-334.359
-5.09453,-337.195
-5.15176,-340.015
-5.20899,-342.817
-5.26623,-345.6
-5.32346,-348.367
-5.38069,-351.116
-5.43792,-353.841
-5.49515,-356.55
-5.55238,-359.243
-5.60961,-361.917
-5.66685,-364.57
-5.72408,-367.205
-5.78131,-369.832
-5.83854,-372.471
-5.89577,-375.124
-5.953,-377.784
-6.01023,-380.455
-6.06746,-383.128
-6.1247,-385.811
-6.18193,-388.493
-6.23916,-391.178
-6.29639,-393.863
-6.35362,-396.547
-6.41085,-399.2
-6.46808,-401.832
-6.52532,-404.434
-6.58255,-407.01
-6.63978,-409.558
-6.69701,-412.081
-6.75424,-414.577
-6.81147,-417.047
-6.8687,-419.498
-6.92593,-421.938
-6.98317,-424.374
-7.0404,-426.793
-7.09763,-429.206
-7.15486,-431.603
-7.21209,-433.994
-7.26932,-436.371
-7.32655,-438.737
-7.38379,-441.088
-7.44102,-443.424
-7.49825,-445.752
-7.55548,-448.067
-7.61271,-450.365
-7.66994,-452.633
-7.72717,-454.88
-7.7844,-457.106
-7.84164,-459.31
-7.89887,-461.493
-7.9561,-463.646
-8.01333,-465.783
-8.07056,-467.906
-8.12779,-470.016
-8.18502,-472.108
-8.24226,-474.179
-8.29949,-476.238
-8.35672,-478.287
-8.41395,-480.315
-8.47118,-482.324
-8.52841,-484.322
-8.58564,-486.308
-8.5163,-482.85
-8.44695,-479.401
-8.3776,-475.968
-8.30826,-472.544
-8.23891,-469.136
-8.16956,-465.747
-8.10022,-462.368
-8.03087,-459.012
-7.96152,-455.663
-7.89218,-452.326
-7.82283,-448.995
-7.75348,-445.681
-7.68414,-442.377
-7.61479,-439.081
-7.54544,-435.793
-7.4761,-432.506
-7.40675,-429.221
-7.3374,-425.939
-7.26806,-422.653
-7.19871,-419.37
-7.12936,-416.08
-7.06002,-412.789
-6.99067,-409.488
-6.92132,-406.18
-6.85198,-402.857
-6.78263,-399.517
-6.71328,-396.162
-6.64394,-392.788
-6.57459,-389.395
-6.50524,-385.986
-6.4359,-382.555
-6.36655,-379.107
-6.2972,-375.64
-6.22786,-372.15
-6.15851,-368.639
-6.08916,-365.109
-6.01982,-361.556
-5.95047,-357.98
-5.88112,-354.381
-5.81178,-350.754
-5.74243,-347.103
-5.67308,-343.427
-5.60374,-339.728
-5.53439,-336.004
-5.46504,-332.256
-5.3957,-328.482
-5.32635,-324.682
-5.257,-320.859
-5.18766,-317.014
-5.11831,-313.148
-5.04896,-309.26
-4.97962,-305.349
-4.91027,-301.419
-4.84092,-297.472
-4.77158,-293.503
-4.70223,-289.514
-4.63288,-285.512
-4.56354,-281.496
-4.49419,-277.467
-4.42484,-273.424
-4.3555,-269.367
-4.28615,-265.295
-4.2168,-261.21
-4.14746,-257.111
-4.07811,-252.997
-4.00876,-248.869
-3.93942,-244.727
-3.87007,-240.57
-3.80072,-236.398
-3.73138,-232.213
-3.66203,-228.012
-3.59268,-223.796
-3.52334,-219.569
-3.45399,-215.337
-3.38464,-211.096
-3.3153,-206.842
-3.24595,-202.586
-3.1766,-198.33
-3.10726,-194.074
-3.03791,-189.817
-2.96856,-185.561
-2.89922,-181.305
-2.82987,-177.049
-2.76052,-172.793
-2.69118,-168.537
-2.62183,-164.281
-2.55248,-160.025
-2.48314,-155.769
-2.41379,-151.513
-2.34444,-147.257
-2.2751,-143.001
-2.20575,-138.745
-2.1364,-134.488
-2.06706,-130.232
-1.99771,-125.976
-1.92836,-121.72
-1.85902,-117.464
-1.78967,-113.208
-1.72032,-108.952
-1.65098,-104.696
-1.58163,-100.44
-1.51228,-96.184
-1.44294,-91.928
-1.37359,-87.6719
-1.30424,-83.4159
-1.2349,-79.1598
-1.16555,-74.9038
-1.0962,-70.6478
-1.02686,-66.3917
-0.95751,-62.1357
-0.888163,-57.8797
-0.818817,-53.6237
-0.74947,-49.3677
-0.680123,-45.1117
-0.610777,-40.8557
-0.54143,-36.5997
-0.472083,-32.3437
-0.402737,-28.0877
-0.33339,-23.8317
-0.264043,-19.5757
-0.194697,-15.3197
-0.12535,-11.0638
-0.0560033,-6.80777
0.0133433,-2.5518
0.08269,1.70414
0.152037,5.96006
0.221383,10.216
0.29073,14.4719
0.360077,18.7278
0.429423,22.9838
0.49877,27.2397
0.568117,31.4956
0.637463,35.7515
0.70681,40.0074
0.776157,44.2633
0.845503,48.5191
0.91485,52.775
0.984197,57.0309
1.05354,61.2867
1.12289,65.5426
1.19224,69.7984
1.26158,74.0542
1.33093,78.31
1.40028,82.5658
1.46962,86.8216
1.53897,91.0773
1.60832,95.3331
1.67766,99.5889
1.74701,103.845
1.81636,108.1
1.8857,112.356
1.95505,116.612
2.0244,120.867
2.09374,125.123
2.16309,129.379
2.23244,133.634
2.30178,137.89
2.37113,142.145
2.44048,146.401
2.50982,150.656
2.57917,154.912
2.64852,159.167
2.71786,163.423
2.78721,167.678
2.85656,171.933
2.9259,176.189
2.99525,180.444
3.0646,184.699
3.13394,188.955
3.20329,193.21
3.27264,197.465
3.34198,201.72
3.41133,205.975
3.48068,210.23
3.55002,214.478
3.61937,218.712
3.68872,222.94
3.75806,227.16
3.82741,231.364
3.89676,235.553
3.9661,239.728
4.03545,243.888
4.1048,248.032
4.17414,252.161
4.24349,256.276
4.31284,260.376
4.38218,264.462
4.45153,268.533
4.52088,272.59
4.59022,276.632
4.65957,280.66
4.72892,284.675
4.79826,288.675
4.86761,292.662
4.93696,296.635
5.0063,300.586
5.07565,304.515
5.145,308.428
5.21434,312.319
5.28369,316.189
5.35304,320.036
5.42238,323.862
5.49173,327.666
5.56108,331.445
5.63042,335.197
5.69977,338.924
5.76912,342.628
5.83846,346.307
5.90781,349.96
5.97716,353.588
6.0465,357.186
6.11585,360.758
6.1852,364.304
6.25454,367.827
6.32389,371.329
6.39324,374.808
6.46258,378.261
6.53193,381.696
6.60128,385.108
6.67062,388.494
6.73997,391.863
6.80932,395.212
6.87866,398.536
6.94801,401.843
7.01736,405.129
7.0867,408.394
7.15605,411.646
7.2254,414.876
7.29474,418.093
7.36409,421.293
7.43344,424.475
7.50278,427.648
7.57213,430.802
7.64148,433.946
7.71082,437.07
7.78017,440.179
7.84952,443.276
7.91886,446.364
7.98821,449.442
8.05756,452.508
8.1269,455.565
8.19625,458.619
8.2656,461.662
8.33494,464.706
8.40429,467.748
8.47364,470.792
8.54298,473.832
8.61233,476.879
8.68168,479.926
8.75102,482.98
8.82037,486.04
8.88972,489.104
8.95906,492.177
9.02841,495.246
9.09776,498.299
9.1671,501.319
9.23645,504.176
9.3058,506.847
9.37514,509.497
9.44449,512.151
9.51384,514.803
9.58318,517.385
9.65253,519.763
9.72188,522.081
9.79122,524.18
9.86057,526.234
9.92992,528.267
9.99926,530.288
10.0686,532.286
10.138,534.283
10.2073,536.278
10.2766,538.239
10.346,540.179
10.4153,542.076
10.3494,539.251
10.2835,536.423
10.2176,533.608
10.1517,530.789
10.0858,527.979
10.0199,525.177
9.954,522.37
9.8881,519.579
9.82219,516.789
9.75628,514.006
9.69038,511.231
9.62447,508.468
9.55857,505.702
9.49266,502.953
9.42675,500.204
9.36085,497.46
9.29494,494.721
9.22904,491.988
9.16313,489.251
9.09722,486.523
9.03132,483.786
8.96541,481.056
8.89951,478.318
8.8336,475.579
8.76769,472.839
8.70179,470.087
8.63588,467.338
8.56998,464.575
8.50407,461.809
8.43816,459.035
8.37226,456.25
8.30635,453.46
8.24045,450.655
8.17454,447.844
8.10863,445.016
8.04273,442.178
7.97682,439.322
7.91092,436.46
7.84501,433.574
7.7791,430.679
7.7132,427.759
7.64729,424.83
7.58139,421.882
7.51548,418.922
7.44957,415.942
7.38367,412.949
7.31776,409.939
7.25186,406.911
7.18595,403.867
7.12004,400.805
7.05414,397.728
6.98823,394.629
6.92233,391.515
6.85642,388.378
6.79051,385.225
6.72461,382.052
6.6587,378.858
6.5928,375.646
6.52689,372.412
6.46098,369.158
6.39508,365.887
6.32917,362.59
6.26327,359.274
6.19736,355.94
6.13145,352.581
6.06555,349.203
5.99964,345.804
5.93374,342.375
5.86783,338.924
5.80192,335.451
5.73602,331.955
5.67011,328.439
5.60421,324.901
5.5383,321.341
5.47239,317.756
5.40649,314.153
5.34058,310.53
5.27468,306.888
5.20877,303.228
5.14286,299.548
5.07696,295.854
5.01105,292.14
4.94515,288.406
4.87924,284.661
4.81333,280.904
4.74743,277.134
4.68152,273.352
4.61562,269.557
4.54971,265.748
4.4838,261.928
4.4179,258.094
4.35199,254.247
4.28609,250.388
4.22018,246.515
4.15427,242.629
4.08837,238.73
4.02246,234.818
3.95656,230.893
3.89065,226.954
3.82474,223.001
3.75884,219.035
3.69293,215.056
3.62703,211.063
3.56112,207.065
3.49521,203.06
3.42931,199.042
3.3634,195.019
3.2975,190.995
3.23159,186.972
3.16568,182.948
3.09978,178.925
3.03387,174.901
2.96797,170.878
2.90206,166.855
2.83615,162.831
2.77025,158.808
2.70434,154.784
2.63844,150.761
2.57253,146.737
2.50662,142.714
2.44072,138.69
2.37481,134.667
2.30891,130.644
2.243,126.62
2.17709,122.597
2.11119,118.573
2.04528,114.55
1.97938,110.526
1.91347,106.503
1.84756,102.48
1.78166,98.4561
1.71575,94.4326
1.64985,90.4092
1.58394,86.3857
1.51803,82.3623
1.45213,78.3389
1.38622,74.3154
1.32032,70.292
1.25441,66.2686
1.1885,62.2451
1.1226,58.2217
1.05669,54.1982
0.990785,50.1748
0.924879,46.1514
0.858973,42.1279
0.793067,38.1045
0.727161,34.0811
0.661255,30.0576
0.595349,26.0342
0.529443,22.0107
0.463537,17.9873
0.397631,13.9639
0.331725,9.94043
0.265819,5.91699
0.199913,1.89355
0.134007,-2.12988
0.0681013,-6.15332
0.00219533,-10.1768
-0.0637107,-14.2002
-0.129617,-18.2236
-0.195523,-22.2471
-0.261429,-26.2705
-0.327335,-30.2939
-0.393241,-34.3174
-0.459147,-38.3408
-0.525053,-42.3642
-0.590959,-46.3877
-0.656865,-50.4111
-0.722771,-54.4345
-0.788677,-58.458
-0.854583,-62.4814
-0.920489,-66.5048
-0.986395,-70.5283
-1.0523,-74.5517
-1.11821,-78.5751
-1.18411,-82.5986
-1.25002,-86.622
-1.31592,-90.6454
-1.38183,-94.6689
-1.44774,-98.6923
-1.51364,-102.716
-1.57955,-106.739
-1.64545,-110.763
-1.71136,-114.786
-1.77727,-118.809
-1.84317,-122.833
-1.90908,-126.856
-1.97498,-130.88
-2.04089,-134.903
-2.1068,-138.927
-2.1727,-142.95
-2.23861,-146.973
-2.30451,-150.997
-2.37042,-155.02
-2.43633,-159.044
-2.50223,-163.067
-2.56814,-167.09
-2.63404,-171.114
-2.69995,-175.137
-2.76586,-179.161
-2.83176,-183.184
-2.89767,-187.207
-2.96357,-191.231
-3.02948,-195.254
-3.09539,-199.277
-3.16129,-203.301
-3.2272,-207.312
-3.2931,-211.313
-3.35901,-215.311
-3.42492,-219.305
-3.49082,-223.286
-3.55673,-227.254
-3.62263,-231.209
-3.68854,-235.152
-3.75445,-239.082
-3.82035,-242.999
-3.88626,-246.904
-3.95216,-250.797
-4.01807,-254.677
-4.08398,-258.545
-4.14988,-262.4
-4.21579,-266.243
-4.28169,-270.074
-4.3476,-273.893
-4.41351,-277.699
-4.47941,-281.494
-4.54532,-285.277
-4.61122,-289.048
-4.67713,-292.807
-4.74304,-296.547
-4.80894,-300.268
-4.87485,-303.974
-4.94075,-307.664
-5.00666,-311.336
-5.07257,-314.989
-5.13847,-318.624
-5.20438,-322.237
-5.27028,-325.831
-5.33619,-329.404
-5.4021,-332.955
-5.468,-336.484
-5.53391,-339.992
-5.59981,-343.48
-5.66572,-346.947
-5.73163,-350.389
-5.79753,-353.805
-5.86344,-357.201
-5.92934,-360.574
-5.99525,-363.929
-6.06116,-367.268
-6.12706,-370.583
-6.19297,-373.881
-6.25887,-377.163
-6.32478,-380.425
-6.39069,-383.672
-6.45659,-386.9
-6.5225,-390.112
-6.5884,-393.309
-6.65431,-396.488
-6.72022,-399.654
-6.78612,-402.802
-6.85203,-405.938
-6.91793,-409.06
-6.98384,-412.167
-7.04975,-415.263
-7.11565,-418.35
-7.18156,-421.438
-7.24746,-424.517
-7.31337,-427.598
-7.37928,-430.676
-7.44518,-433.759
-7.51109,-436.837
-7.57699,-439.921
-7.6429,-443.006
-7.70881,-446.103
-7.77471,-449.203
-7.84062,-452.32
-7.90652,-455.448
-7.97243,-458.582
-8.03834,-461.73
-8.10424,-464.887
-8.17015,-468.051
-8.23605,-471.237
-8.30196,-474.432
-8.36787,-477.642
-8.43377,-480.869
-8.49968,-484.086
-8.56558,-487.078
-8.63149,-489.739
-8.6974,-491.98
-8.7633,-494.197
-8.82921,-496.387
-8.89511,-498.533
-8.96102,-500.666
-9.02693,-502.753
-9.09283,-504.842
-9.15874,-506.931
-9.22464,-508.995
-9.29055,-511.044
-9.35646,-513.076
-9.42236,-515.085
-9.48827,-517.076
-9.55417,-519.057
-9.62008,-521.017
-9.68599,-522.96
-9.75189,-524.886
-9.8178,-526.793
-9.8837,-528.698
-9.94961,-530.599
-9.77774,-522.964
-9.60588,-515.362
-9.43401,-507.816
-9.26214,-500.327
-9.09028,-492.905
-8.91841,-485.551
-8.74654,-478.246
-8.57468,-470.971
-8.40281,-463.696
-8.23094,-456.41
-8.05908,-449.071
-7.88721,-441.667
-7.71534,-434.193
-7.54348,-426.623
-7.37161,-418.956
-7.19974,-411.197
-7.02788,-403.334
-6.85601,-395.356
-6.68414,-387.262
-6.51228,-379.043
-6.34041,-370.698
-6.16854,-362.221
-5.99668,-353.609
-5.82481,-344.859
-5.65294,-335.959
-5.48108,-326.905
-5.30921,-317.71
-5.13734,-308.379
-4.96548,-298.92
-4.79361,-289.35
-4.62174,-279.668
-4.44988,-269.9
-4.27801,-260.054
-4.10614,-250.127
-3.93428,-240.116
-3.76241,-230.021
-3.59054,-219.841
-3.41868,-209.575
-3.24681,-199.23
-3.07494,-188.841
-2.90308,-178.414
-2.73121,-167.987
-2.55934,-157.56
-2.38748,-147.134
-2.21561,-136.707
-2.04374,-126.28
-1.87188,-115.853
-1.70001,-105.427
-1.52814,-94.9998
-1.35628,-84.573
-1.18441,-74.1462
-1.01254,-63.7195
-0.840677,-53.2927
-0.668811,-42.8659
-0.496944,-32.4391
-0.325077,-22.0124
-0.153211,-11.5856
0.018656,-1.15884
0.190523,9.26793
0.362389,19.6947
0.534256,30.1215
0.706123,40.5482
0.877989,50.975
1.04986,61.4018
1.22172,71.8285
1.39359,82.2553
1.56546,92.682
1.73732,103.109
1.90919,113.536
2.08106,123.962
2.25292,134.389
2.42479,144.816
2.59666,155.242
2.76852,165.669
2.94039,176.096
3.11226,186.522
3.28412,196.925
3.45599,207.279
3.62786,217.56
3.79972,227.752
3.97159,237.859
4.14346,247.879
4.31532,257.817
4.48719,267.669
4.65906,277.441
4.83092,287.135
5.00279,296.718
5.17466,306.191
5.34652,315.537
5.51839,324.751
5.69026,333.821
5.86212,342.739
6.03399,351.504
6.20586,360.132
6.37772,368.622
6.54959,376.982
6.72146,385.21
6.89332,393.313
7.06519,401.292
7.23706,409.157
7.40892,416.907
7.58079,424.557
7.75266,432.101
7.92452,439.537
8.09639,446.883
8.26826,454.142
8.44012,461.331
8.61199,468.464
8.78386,475.558
8.95572,482.622
9.12759,489.679
9.29946,496.737
9.47132,503.826
9.64319,510.957
9.81506,518.138
9.98692,525.371
10.1588,532.651
10.3307,539.951
10.5025,545.694
10.6744,550.258
10.8463,554.662
11.0181,559.057
11.19,563.333
11.3619,567.588
11.5337,571.812
11.7056,575.937
11.8775,580.059
12.0493,584.112
12.2212,588.138
12.3931,592.116
12.5649,596.042
12.7368,599.972
12.9087,603.845
13.0805,607.662
13.2524,611.45
13.4243,615.176
13.5961,618.874
13.768,622.548
13.9399,626.164
14.1117,629.743
14.2836,633.313
14.4555,636.812
14.6273,640.308
14.7992,643.748
14.9711,647.146
15.1429,650.524
15.3148,653.855
15.4867,657.147
15.6585,660.425
15.8304,663.689
16.0023,666.902
16.1741,670.119
16.346,673.305
16.5179,676.436
16.6897,679.562
16.8616,682.663
17.0335,685.712
17.2053,688.771
17.3772,691.78
17.5491,694.782
17.7209,697.766
17.8928,700.702
18.0647,703.646
18.2365,706.541
18.4084,709.419
18.5803,712.267
18.7521,715.097
18.924,717.887
19.0959,720.675
19.2677,723.431
19.4396,726.15
19.6115,728.847
19.7833,731.533
19.9552,734.164
20.1271,736.817
20.2989,739.409
20.4708,741.981
20.6427,744.525
20.8145,747.025
20.9864,749.511
21.1583,751.979
21.3301,754.403
21.502,756.82
21.6739,759.184
21.8457,761.543
22.0176,763.882
22.1895,766.164
22.3613,768.433
22.5332,770.698
22.7051,772.889
22.8769,775.101
23.0488,777.269
23.2207,779.404
23.3925,781.513
23.5644,783.609
23.7363,785.659
23.9081,787.685
24.08,789.694
24.2519,791.679
24.4237,793.626
24.5956,795.558
24.7675,797.466
24.9393,799.323
25.1112,801.187
25.2831,802.994
25.4549,804.791
25.6268,806.568
25.7987,808.305
25.5843,803.895
25.37,799.496
25.1556,795.093
24.9413,790.671
24.7269,786.263
24.5126,781.843
24.2982,777.425
24.0839,772.998
23.8695,768.563
23.6552,764.138
23.4408,759.684
23.2265,755.231
23.0121,750.771
22.7978,746.289
22.5835,741.797
22.3691,737.294
22.1548,732.767
21.9404,728.224
21.7261,723.67
21.5117,719.084
21.2974,714.487
21.083,709.87
20.8687,705.225
20.6543,700.56
20.44,695.878
20.2256,691.158
20.0113,686.423
19.7969,681.655
19.5826,676.857
19.3683,672.041
19.1539,667.18
18.9396,662.297
18.7252,657.379
18.5109,652.423
18.2965,647.443
18.0822,642.416
17.8678,637.363
17.6535,632.261
17.4391,627.131
17.2248,621.948
17.0104,616.733
16.7961,611.475
16.5817,606.168
16.3674,600.815
16.1531,595.417
15.9387,589.968
15.7244,584.474
15.51,578.921
15.2957,573.314
15.0813,567.651
14.867,561.94
14.6526,556.16
14.4383,550.331
14.2239,544.436
14.0096,538.483
13.7952,532.464
13.5809,526.376
13.3665,520.225
13.1522,513.993
12.9379,507.693
12.7235,501.315
12.5092,494.847
12.2948,488.301
12.0805,481.675
11.8661,474.956
11.6518,468.143
11.4374,461.244
11.2231,454.246
11.0087,447.154
10.7944,439.958
10.58,432.66
10.3657,425.254
10.1513,417.739
9.937,410.109
9.72266,402.37
9.50831,394.513
9.29396,386.538
9.07962,378.45
8.86527,370.236
8.65092,361.893
8.43658,353.424
8.22223,344.826
8.00788,336.088
7.79354,327.216
7.57919,318.207
7.36484,309.051
7.1505,299.747
6.93615,290.296
6.7218,280.685
6.50746,270.917
6.29311,260.985
6.07876,250.882
5.86442,240.619
5.65007,230.194
5.43572,219.628
5.22138,208.917
5.00703,198.106
4.79268,187.188
4.57834,176.161
4.36399,165.022
4.14964,153.765
3.9353,142.387
3.72095,130.888
3.5066,119.264
3.29226,107.511
3.07791,95.6305
2.86356,83.6213
2.64922,71.5002
2.43487,59.3004
2.22052,47.081
2.00618,34.8617
1.79183,22.6424
1.57748,10.4233
1.36314,-1.79562
1.14879,-14.0144
0.934443,-26.2331
0.720096,-38.4516
0.505749,-50.6386
0.291403,-62.7923
0.077056,-74.9315
-0.137291,-87.0536
-0.351637,-99.1208
-0.565984,-111.123
-0.780331,-123.061
-0.994677,-134.932
-1.20902,-146.738
-1.42337,-158.479
-1.63772,-170.155
-1.85206,-181.767
-2.06641,-193.304
-2.28076,-204.743
-2.4951,-216.106
-2.70945,-227.38
-2.9238,-238.545
-3.13814,-249.597
-3.35249,-260.522
-3.56684,-271.324
-3.78118,-281.996
-3.99553,-292.501
-4.20988,-302.87
-4.42422,-313.108
-4.63857,-323.22
-4.85292,-333.205
-5.06726,-343.067
-5.28161,-352.807
-5.49596,-362.428
-5.7103,-371.927
-5.92465,-381.309
-6.139,-390.576
-6.35334,-399.722
-6.56769,-408.731
-6.78204,-417.622
-6.99638,-426.408
-7.21073,-435.079
-7.42508,-443.654
-7.63942,-452.153
-7.85377,-460.582
-8.06812,-468.952
-8.28246,-477.282
-8.49681,-485.59
-8.71116,-493.894
-8.9255,-502.245
-9.13985,-510.71
-9.3542,-519.325
-9.56854,-528.024
-9.78289,-536.442
-9.99724,-544.291
-10.2116,-550.669
-10.4259,-556.192
-10.6403,-561.598
-10.8546,-566.812
-11.069,-571.959
-11.2833,-577.021
-11.4977,-582.004
-11.712,-586.913
-11.9264,-591.77
-12.1407,-596.548
-12.3551,-601.29
-12.5694,-605.983
-12.7837,-610.633
-12.9981,-615.176
-13.2124,-619.728
-13.4268,-624.197
-13.6411,-628.636
-13.8555,-633.004
-14.0698,-637.286
-14.2842,-641.539
-14.4985,-645.756
-14.7129,-649.901
-14.9272,-654
-15.1416,-658.008
-15.3559,-662.013
-15.5703,-665.947
-15.7846,-669.836
-15.9989,-673.683
-16.2133,-677.501
-16.4276,-681.27
-16.642,-685.014
-16.8563,-688.724
-17.0707,-692.39
-17.285,-696.027
-17.4994,-699.625
-17.7137,-703.185
-17.9281,-706.715
-18.1424,-710.209
-18.3568,-713.663
-18.5711,-717.098
-18.7855,-720.5
-18.9998,-723.867
-19.2141,-727.231
-19.4285,-730.521
-19.6428,-733.79
-19.8572,-737.041
-20.0715,-740.24
-20.2859,-743.405
-20.5002,-746.504
-20.7146,-749.597
-20.9289,-752.616
-21.1433,-755.602
-21.3576,-758.475
-21.572,-761.334
-21.7863,-764.163
-22.0007,-766.959
-22.215,-769.717
-22.4293,-772.445
-22.6437,-775.143
-22.858,-777.826
-23.0724,-780.434
-23.2867,-782.941
-23.5011,-785.395
-23.7154,-787.834
-23.9298,-790.231
-24.1441,-792.586
-24.3585,-794.88
-24.5728,-797.161
-24.7872,-799.4
-25.0015,-801.615
-25.2159,-803.789
-25.4302,-805.916
-25.6445,-808.029
-25.8589,-810.098
-26.0732,-812.144
-26.2876,-814.148
-26.5019,-816.131
-26.7163,-818.042
-26.9306,-819.933
-27.145,-821.797
-27.3593,-823.614
-27.5737,-825.401
-27.788,-827.159
-28.0024,-828.876
-28.2167,-830.566
-28.4311,-832.22
-28.6454,-833.856
-28.8597,-835.456
-29.0741,-837.006
-29.2884,-838.543
-29.5028,-840.042
-29.7171,-841.499
-29.9315,-842.931
-30.1458,-844.34
-30.3602,-845.716
-30.5745,-847.08
-30.7889,-848.394
-31.0032,-849.68
-31.2176,-850.955
-31.4319,-852.21
-31.6463,-853.423
-31.8606,-854.619
-32.0749,-855.799
-32.2893,-856.942
-32.1199,-853.919
-31.9505,-850.896
-31.781,-847.87
-31.6116,-844.834
-31.4422,-841.797
-31.2728,-838.755
-31.1034,-835.718
-30.9339,-832.671
-30.7645,-829.612
-30.5951,-826.552
-30.4257,-823.495
-30.2563,-820.437
-30.0868,-817.377
-29.9174,-814.307
-29.748,-811.228
-29.5786,-808.149
-29.4092,-805.073
-29.2397,-801.992
-29.0703,-798.903
-28.9009,-795.811
-28.7315,-792.709
-28.5621,-789.608
-28.3926,-786.495
-28.2232,-783.379
-28.0538,-780.266
-27.8844,-777.146
-27.715,-774.01
-27.5455,-770.866
-27.3761,-767.722
-27.2067,-764.576
-27.0373,-761.421
-26.8679,-758.255
-26.6984,-755.079
-26.529,-751.903
-26.3596,-748.714
-26.1902,-745.519
-26.0208,-742.32
-25.8513,-739.104
-25.6819,-735.877
-25.5125,-732.647
-25.3431,-729.413
-25.1737,-726.171
-25.0042,-722.908
-24.8348,-719.641
-24.6654,-716.368
-24.496,-713.081
-24.3266,-709.792
-24.1571,-706.487
-23.9877,-703.168
-23.8183,-699.84
-23.6489,-696.51
-23.4795,-693.166
-23.31,-689.803
-23.1406,-686.434
-22.9712,-683.054
-22.8018,-679.662
-22.6324,-676.264
-22.4629,-672.843
-22.2935,-669.41
-22.1241,-665.977
-21.9547,-662.528
-21.7853,-659.057
-21.6158,-655.581
-21.4464,-652.085
-21.277,-648.584
-21.1076,-645.065
-20.9382,-641.526
-20.7687,-637.983
-20.5993,-634.421
-20.4299,-630.843
-20.2605,-627.246
-20.0911,-623.638
-19.9216,-620.021
-19.7522,-616.374
-19.5828,-612.718
-19.4134,-609.04
-19.244,-605.356
-19.0745,-601.636
-18.9051,-597.91
-18.7357,-594.161
-18.5663,-590.398
-18.3969,-586.602
-18.2274,-582.801
-18.058,-578.974
-17.8886,-575.122
-17.7192,-571.252
-17.5498,-567.366
-17.3803,-563.449
-17.2109,-559.508
-17.0415,-555.553
-16.8721,-551.561
-16.7027,-547.548
-16.5332,-543.52
-16.3638,-539.451
-16.1944,-535.363
-16.025,-531.255
-15.8556,-527.105
-15.6861,-522.933
-15.5167,-518.743
-15.3473,-514.508
-15.1779,-510.248
-15.0085,-505.963
-14.839,-501.639
-14.6696,-497.288
-14.5002,-492.901
-14.3308,-488.481
-14.1614,-484.034
-13.9919,-479.543
-13.8225,-475.02
-13.6531,-470.461
-13.4837,-465.86
-13.3143,-461.226
-13.1448,-456.545
-12.9754,-451.833
-12.806,-447.08
-12.6366,-442.285
-12.4672,-437.453
-12.2977,-432.577
-12.1283,-427.665
-11.9589,-422.707
-11.7895,-417.718
-11.6201,-412.677
-11.4506,-407.608
-11.2812,-402.485
-11.1118,-397.329
-10.9424,-392.127
-10.773,-386.892
-10.6035,-381.605
-10.4341,-376.283
-10.2647,-370.907
-10.0953,-365.498
-9.92585,-360.034
-9.75643,-354.532
-9.58701,-348.982
-9.41759,-343.391
-9.24817,-337.758
-9.07875,-332.077
-8.90933,-326.359
-8.73991,-320.586
-8.57049,-314.774
-8.40107,-308.916
-8.23165,-303.008
-8.06223,-297.049
-7.89281,-291.027
-7.72339,-284.956
-7.55397,-278.841
-7.38455,-272.667
-7.21513,-266.447
-7.04571,-260.179
-6.87629,-253.852
-6.70687,-247.477
-6.53745,-241.052
-6.36803,-234.568
-6.19861,-228.034
-6.02919,-221.449
-5.85977,-214.803
-5.69035,-208.103
-5.52093,-201.348
-5.35151,-194.539
-5.18209,-187.668
-5.01267,-180.741
-4.84325,-173.767
-4.67383,-166.74
-4.50441,-159.654
-4.33499,-152.517
-4.16557,-145.329
-3.99615,-138.091
-3.82673,-130.802
-3.65731,-123.463
-3.48789,-116.073
-3.31847,-108.642
-3.14905,-101.176
-2.97963,-93.6703
-2.81021,-86.1143
-2.64079,-78.5222
-2.47137,-70.8692
-2.30195,-63.2188
-2.13253,-55.5575
-1.96311,-47.8674
-1.79369,-40.1458
-1.62427,-32.3912
-1.45485,-24.618
-1.28543,-16.8526
-1.11601,-9.09102
-0.946591,-1.32917
-0.777171,6.43314
-0.607751,14.2009
-0.438331,21.9792
-0.268911,29.7687
-0.0994907,37.5712
0.0699293,45.3952
0.239349,53.2422
0.408769,61.1121
0.578189,69.01
0.747609,76.9406
0.917029,84.9028
1.08645,92.9026
1.25587,100.89
1.42529,108.845
1.59471,116.785
1.76413,124.743
1.93355,132.676
2.10297,140.57
2.27239,148.414
2.44181,156.21
2.61123,163.952
2.78065,171.633
2.95007,179.247
3.11949,186.793
3.28891,194.279
3.45833,201.707
3.62775,209.08
3.79717,216.393
3.96659,223.65
4.13601,230.852
4.30543,238.001
4.47485,245.098
4.64427,252.136
4.81369,259.122
4.98311,266.055
5.15253,272.939
5.32195,279.765
5.49137,286.541
5.66079,293.268
5.83021,299.945
5.99963,306.568
6.16905,313.144
6.33847,319.674
6.50789,326.148
6.67731,332.577
6.84673,338.96
7.01615,345.289
7.18557,351.576
7.35499,357.802
7.52441,363.97
7.69383,370.097
7.86325,376.172
8.03267,382.203
8.20209,388.183
8.37151,394.104
8.54093,399.983
8.71035,405.813
8.87977,411.589
9.04919,417.323
9.21861,423.004
9.38803,428.637
9.55745,434.23
9.72687,439.771
9.89629,445.27
10.0657,450.719
10.2351,456.12
10.4045,461.483
10.574,466.795
10.7434,472.065
10.9128,477.284
11.0822,482.459
11.2516,487.592
11.4211,492.674
11.5905,497.718
11.7599,502.706
11.9293,507.657
12.0987,512.557
12.2682,517.42
12.4376,522.236
12.607,527.012
12.7764,531.744
12.9458,536.435
13.1153,541.081
13.2847,545.69
13.4541,550.256
13.6235,554.787
13.7929,559.277
13.9624,563.73
14.1318,568.135
14.3012,572.516
14.4706,576.85
14.64,581.156
14.8095,585.418
14.9789,589.654
15.1483,593.856
15.3177,598.02
15.4871,602.158
15.6566,606.257
15.826,610.334
15.9954,614.372
16.1648,618.384
16.3342,622.37
16.5037,626.319
16.6731,630.25
16.8425,634.146
17.0119,638.015
17.1813,641.867
17.3508,645.68
17.5202,649.477
17.6896,653.247
17.859,656.989
18.0284,660.714
18.1979,664.411
18.3673,668.087
18.5367,671.744
18.7061,675.375
18.8755,678.983
19.045,682.579
19.2144,686.145
19.3838,689.695
19.5532,693.227
19.7226,696.737
19.8921,700.226
20.0615,703.702
20.2309,707.157
20.4003,710.592
20.5697,714.017
20.7392,717.42
20.9086,720.81
21.078,724.177
21.2474,727.542
21.4168,730.879
21.5863,734.203
21.7557,737.522
21.9251,740.819
22.0945,744.101
22.2639,747.372
22.4334,750.632
22.6028,753.877
22.7722,757.103
22.9416,760.32
23.111,763.537
23.2805,766.719
23.4499,769.898
23.6193,773.07
23.7887,776.224
23.9581,779.366
24.1276,782.497
24.297,785.611
24.4664,788.723
24.6358,791.812
24.8052,794.882
24.9747,797.938
25.1441,800.984
25.3135,803.985
25.4829,806.897
25.307,803.415
25.1311,799.926
24.9552,796.417
24.7792,792.906
24.6033,789.392
24.4274,785.866
24.2515,782.33
24.0756,778.794
23.8996,775.245
23.7237,771.699
23.5478,768.139
23.3719,764.569
23.196,760.994
23.02,757.421
22.8441,753.822
22.6682,750.218
22.4923,746.611
22.3164,742.993
22.1404,739.356
21.9645,735.713
21.7886,732.061
21.6127,728.399
21.4368,724.713
21.2608,721.027
21.0849,717.327
20.909,713.605
20.7331,709.877
20.5572,706.132
20.3812,702.373
20.2053,698.596
20.0294,694.806
19.8535,690.999
19.6776,687.172
19.5016,683.329
19.3257,679.473
19.1498,675.589
18.9739,671.692
18.798,667.778
18.622,663.837
18.4461,659.879
18.2702,655.906
18.0943,651.899
17.9184,647.881
17.7424,643.834
17.5665,639.763
17.3906,635.67
17.2147,631.549
17.0388,627.406
16.8628,623.237
16.6869,619.035
16.511,614.813
16.3351,610.558
16.1592,606.275
15.9832,601.97
15.8073,597.621
15.6314,593.251
15.4555,588.851
15.2796,584.411
15.1036,579.945
14.9277,575.438
14.7518,570.906
14.5759,566.331
14.4,561.718
14.224,557.07
14.0481,552.383
13.8722,547.662
13.6963,542.894
13.5204,538.092
13.3444,533.241
13.1685,528.357
12.9926,523.423
12.8167,518.454
12.6408,513.434
12.4648,508.378
12.2889,503.268
12.113,498.122
11.9371,492.918
11.7612,487.677
11.5852,482.38
11.4093,477.043
11.2334,471.653
11.0575,466.219
10.8816,460.733
10.7056,455.203
10.5297,449.626
10.3538,443.996
10.1779,438.324
10.002,432.597
9.82605,426.827
9.65013,421.012
9.47421,415.147
9.29829,409.235
9.12237,403.269
8.94645,397.256
8.77053,391.2
8.59461,385.085
8.41869,378.918
8.24277,372.7
8.06685,366.429
7.89093,360.111
7.71501,353.739
7.53909,347.31
7.36317,340.84
7.18725,334.305
7.01133,327.714
6.83541,321.08
6.65949,314.388
6.48357,307.649
6.30765,300.863
6.13173,294.018
5.95581,287.126
5.77989,280.184
5.60397,273.183
5.42805,266.132
5.25213,259.03
5.07621,251.869
4.90029,244.653
4.72437,237.384
4.54845,230.063
4.37253,222.679
4.19661,215.24
4.02069,207.746
3.84477,200.197
3.66885,192.588
3.49293,184.918
3.31701,177.198
3.14109,169.43
2.96517,161.609
2.78925,153.732
2.61333,145.808
2.43741,137.836
2.26149,129.798
2.08557,121.692
1.90965,113.544
1.73373,105.362
1.55781,97.1452
1.38189,88.8858
1.20597,80.5784
1.03005,72.2373
0.854129,63.8831
0.678209,55.5527
0.502289,47.2071
0.326369,38.8448
0.150449,30.4947
-0.0254707,22.1797
-0.201391,13.9018
-0.377311,5.6535
-0.553231,-2.57048
-0.729151,-10.7696
-0.905071,-18.9439
-1.08099,-27.1071
-1.25691,-35.2532
-1.43283,-43.3907
-1.60875,-51.5124
-1.78467,-59.6321
-1.96059,-67.7493
-2.13651,-75.8741
-2.31243,-84.0037
-2.48835,-92.0983
-2.66427,-100.162
-2.84019,-108.19
-3.01611,-116.169
-3.19203,-124.139
-3.36795,-132.088
-3.54387,-139.965
-3.71979,-147.773
-3.89571,-155.524
-4.07163,-163.218
-4.24755,-170.846
-4.42347,-178.407
-4.59939,-185.91
-4.77531,-193.351
-4.95123,-200.726
-5.12715,-208.029
-5.30307,-215.266
-5.47899,-222.44
-5.65491,-229.55
-5.83083,-236.596
-6.00675,-243.582
-6.18267,-250.505
-6.35859,-257.362
-6.53451,-264.161
-6.71043,-270.902
-6.88635,-277.588
-7.06227,-284.209
-7.23819,-290.774
-7.41411,-297.287
-7.59003,-303.742
-7.76595,-310.138
-7.94187,-316.485
-8.11779,-322.776
-8.29371,-329.009
-8.46963,-335.178
-8.64555,-341.296
-8.82147,-347.358
-8.99739,-353.376
-9.17331,-359.341
-9.34923,-365.249
-9.52515,-371.111
-9.70107,-376.917
-9.87699,-382.673
-10.0529,-388.38
-10.2288,-394.028
-10.4048,-399.633
-10.5807,-405.186
-10.7566,-410.694
-10.9325,-416.153
-11.1084,-421.559
-11.2844,-426.927
-11.4603,-432.24
-11.6362,-437.514
-11.8121,-442.733
-11.988,-447.914
-12.164,-453.041
-12.3399,-458.13
-12.5158,-463.162
-12.6917,-468.16
-12.8676,-473.102
-13.0436,-478.011
-13.2195,-482.868
-13.3954,-487.69
-13.5713,-492.46
-13.7472,-497.192
-13.9232,-501.88
-14.0991,-506.53
-14.275,-511.143
-14.4509,-515.712
-14.6268,-520.246
-14.8028,-524.732
-14.9787,-529.19
-15.1546,-533.608
-15.3305,-537.986
-15.5064,-542.327
-15.6824,-546.629
-15.8583,-550.905
-16.0342,-555.139
-16.2101,-559.339
-16.386,-563.518
-16.562,-567.648
-16.7379,-571.752
-16.9138,-575.832
-17.0897,-579.87
-17.2656,-583.886
-17.4416,-587.873
-17.6175,-591.825
-17.7934,-595.757
-17.9693,-599.658
-18.1452,-603.526
-18.3212,-607.379
-18.4971,-611.195
-18.673,-614.989
-18.8489,-618.762
-19.0248,-622.503
-19.2008,-626.224
-19.3767,-629.92
-19.5526,-633.595
-19.7285,-637.238
-19.9044,-640.869
-20.0804,-644.471
-20.2563,-648.053
-20.4322,-651.608
-20.6081,-655.157
-20.784,-658.664
-20.96,-662.162
-21.1359,-665.639
-21.3118,-669.097
-21.4877,-672.527
-21.6636,-675.944
-21.8396,-679.35
-22.0155,-682.72
-22.1914,-686.081
-22.3673,-689.421
-22.5432,-692.748
-22.7192,-696.047
-22.8951,-699.33
-23.071,-702.603
-23.2469,-705.854
-23.4228,-709.083
-23.5988,-712.301
-23.7747,-715.498
-23.9506,-718.687
-24.1265,-721.849
-24.3024,-724.994
-24.4784,-728.132
-24.6543,-731.252
-24.8302,-734.35
-25.0061,-737.434
-25.182,-740.502
-25.358,-743.559
-25.5339,-746.601
-25.7098,-749.619
-25.8857,-752.623
-26.0616,-755.623
-26.2376,-758.606
-26.4135,-761.561
-26.1616,-756.798
-25.9098,-751.997
-25.6579,-747.191
-25.4061,-742.367
-25.1542,-737.51
-24.9024,-732.641
-24.6505,-727.749
-24.3986,-722.837
-24.1468,-717.889
-23.8949,-712.934
-23.6431,-707.942
-23.3912,-702.929
-23.1394,-697.889
-22.8875,-692.828
-22.6357,-687.727
-22.3838,-682.609
-22.132,-677.453
-21.8801,-672.269
-21.6283,-667.064
-21.3764,-661.812
-21.1246,-656.541
-20.8727,-651.226
-20.6208,-645.878
-20.369,-640.503
-20.1171,-635.08
-19.8653,-629.623
-19.6134,-624.134
-19.3616,-618.591
-19.1097,-613.018
-18.8579,-607.392
-18.606,-601.733
-18.3542,-596.018
-18.1023,-590.259
-17.8505,-584.454
-17.5986,-578.597
-17.3468,-572.691
-17.0949,-566.73
-16.843,-560.716
-16.5912,-554.64
-16.3393,-548.506
-16.0875,-542.309
-15.8356,-536.054
-15.5838,-529.731
-15.3319,-523.341
-15.0801,-516.888
-14.8282,-510.358
-14.5764,-503.762
-14.3245,-497.078
-14.0727,-490.326
-13.8208,-483.495
-13.569,-476.578
-13.3171,-469.586
-13.0652,-462.501
-12.8134,-455.337
-12.5615,-448.086
-12.3097,-440.74
-12.0578,-433.311
-11.806,-425.795
-11.5541,-418.174
-11.3023,-410.468
-11.0504,-402.677
-10.7986,-394.79
-10.5467,-386.803
-10.2949,-378.724
-10.043,-370.547
-9.79115,-362.271
-9.5393,-353.895
-9.28744,-345.422
-9.03559,-336.848
-8.78374,-328.182
-8.53188,-319.412
-8.28003,-310.544
-8.02818,-301.55
-7.77632,-292.445
-7.52447,-283.23
-7.27262,-273.907
-7.02076,-264.469
-6.76891,-254.921
-6.51706,-245.254
-6.2652,-235.472
-6.01335,-225.571
-5.7615,-215.547
-5.50964,-205.4
-5.25779,-195.131
-5.00594,-184.735
-4.75408,-174.224
-4.50223,-163.591
-4.25038,-152.838
-3.99852,-141.979
-3.74667,-131.005
-3.49482,-119.923
-3.24296,-108.746
-2.99111,-97.4873
-2.73926,-86.1193
-2.4874,-74.6398
-2.23555,-63.1597
-1.9837,-51.6244
-1.73184,-40.0187
-1.47999,-28.365
-1.22814,-16.7244
-0.976284,-5.08791
-0.724431,6.55916
-0.472577,18.2294
-0.220724,29.9272
0.0311293,41.6586
0.282983,53.4392
0.534836,65.2789
0.786689,77.1848
1.03854,89.1521
1.2904,101.102
1.54225,113.002
1.7941,124.901
2.04596,136.724
2.29781,148.463
2.54966,160.093
2.80152,171.603
3.05337,182.95
3.30522,194.168
3.55708,205.262
3.80893,216.233
4.06078,227.078
4.31264,237.799
4.56449,248.405
4.81634,258.89
5.0682,269.26
5.32005,279.513
5.5719,289.655
5.82376,299.681
6.07561,309.598
6.32746,319.403
6.57932,329.102
6.83117,338.694
7.08302,348.178
7.33488,357.56
7.58673,366.802
7.83858,375.937
8.09044,384.967
8.34229,393.877
8.59414,402.677
8.846,411.367
9.09785,419.954
9.3497,428.438
9.60156,436.817
9.85341,445.089
10.1053,453.256
10.3571,461.319
10.609,469.271
10.8608,477.121
11.1127,484.871
11.3645,492.521
11.6164,500.066
11.8682,507.512
12.1201,514.859
12.3719,522.109
12.6238,529.265
12.8756,536.332
13.1275,543.301
13.3794,550.182
13.6312,556.979
13.8831,563.689
14.1349,570.308
14.3868,576.851
14.6386,583.317
14.8905,589.699
15.1423,596.011
15.3942,602.248
15.646,608.411
15.8979,614.514
16.1497,620.538
16.4016,626.504
16.6534,632.406
16.9053,638.241
17.1572,644.024
17.409,649.737
17.6609,655.407
17.9127,661.01
18.1646,666.573
18.4164,672.073
18.6683,677.528
18.9201,682.926
19.172,688.288
19.4238,693.594
19.6757,698.86
19.9275,704.072
20.1794,709.257
20.4312,714.379
20.6831,719.478
20.935,724.526
21.1868,729.539
21.4387,734.516
21.6905,739.451
21.9424,744.358
22.1942,749.221
22.4461,754.055
22.6979,758.848
22.9498,763.604
23.2016,768.331
23.4535,773.005
23.7053,777.656
23.9572,782.255
24.209,786.81
24.4609,791.319
24.7128,795.76
24.9646,800.13
25.2165,804.424
25.4683,808.518
25.7202,811.65
25.972,814.234
26.2239,816.62
26.4757,818.774
26.7276,820.898
26.9794,822.946
27.2313,824.996
27.4831,826.982
27.735,828.913
27.9868,830.829
28.2387,832.675
28.4906,834.494
28.7424,836.27
28.9943,838.014
29.2461,839.703
29.498,841.369
29.7498,842.997
30.0017,844.578
30.2535,846.123
30.5054,847.63
30.7572,849.112
31.0091,850.564
31.2609,851.977
31.5128,853.354
31.7646,854.701
32.0165,856.022
32.2684,857.309
32.5202,858.553
32.7721,859.776
33.0239,860.972
33.2758,862.136
33.5276,863.27
33.7795,864.377
34.0313,865.455
34.2832,866.508
34.535,867.538
34.7869,868.536
35.0387,869.504
35.2906,870.453
35.5424,871.381
35.7943,872.284
36.0462,873.166
36.298,874.023
36.5499,874.855
36.8017,875.666
37.0536,876.458
37.3054,877.231
37.5573,877.981
37.8091,878.711
37.5475,874.353
37.286,869.989
37.0244,865.615
36.7628,861.227
36.5012,856.841
36.2396,852.455
35.978,848.052
35.7164,843.656
35.4548,839.255
35.1933,834.843
34.9317,830.424
34.6701,826.003
34.4085,821.578
34.1469,817.153
33.8853,812.708
33.6237,808.252
33.3622,803.791
33.1006,799.33
32.839,794.855
32.5774,790.367
32.3158,785.868
32.0542,781.36
31.7926,776.838
31.531,772.313
31.2695,767.774
31.0079,763.215
30.7463,758.645
30.4847,754.069
30.2231,749.484
29.9615,744.874
29.6999,740.252
29.4384,735.621
29.1768,730.976
28.9152,726.322
28.6536,721.64
28.392,716.948
28.1304,712.245
27.8688,707.53
27.6072,702.787
27.3457,698.036
27.0841,693.266
26.8225,688.488
26.5609,683.679
26.2993,678.854
26.0377,674.023
25.7761,669.169
25.5146,664.291
25.253,659.392
24.9914,654.488
24.7298,649.555
24.4682,644.595
24.2066,639.619
23.945,634.627
23.6834,629.599
23.4219,624.559
23.1603,619.496
22.8987,614.403
22.6371,609.284
22.3755,604.151
22.1139,598.983
21.8523,593.785
21.5908,588.572
21.3292,583.318
21.0676,578.036
20.806,572.736
20.5444,567.387
20.2828,562.01
20.0212,556.608
19.7596,551.158
19.4981,545.677
19.2365,540.148
18.9749,534.582
18.7133,528.984
18.4517,523.329
18.1901,517.64
17.9285,511.902
17.667,506.116
17.4054,500.285
17.1438,494.392
16.8822,488.458
16.6206,482.455
16.359,476.403
16.0974,470.288
15.8358,464.113
15.5743,457.891
15.3127,451.611
15.0511,445.264
14.7895,438.84
14.5279,432.348
14.2663,425.782
14.0047,419.142
13.7432,412.419
13.4816,405.621
13.22,398.745
12.9584,391.783
12.6968,384.749
12.4352,377.622
12.1736,370.418
11.912,363.127
11.6505,355.747
11.3889,348.288
11.1273,340.742
10.8657,333.113
10.6041,325.401
10.3425,317.609
10.0809,309.745
9.81936,301.797
9.55777,293.763
9.29618,285.653
9.0346,277.459
8.77301,269.174
8.51142,260.802
8.24984,252.319
7.98825,243.741
7.72666,235.075
7.46508,226.326
7.20349,217.484
6.9419,208.544
6.68032,199.51
6.41873,190.38
6.15714,181.152
5.89556,171.824
5.63397,162.395
5.37238,152.871
5.1108,143.256
4.84921,133.545
4.58762,123.742
4.32604,113.856
4.06445,103.889
3.80286,93.923
3.54128,83.9208
3.27969,73.8602
3.0181,63.7409
2.75652,53.5934
2.49493,43.5138
2.23334,33.5034
1.97176,23.5497
1.71017,13.6425
1.44858,3.7909
1.187,-6.00678
0.925409,-15.7826
0.663823,-25.5998
0.402236,-35.4143
0.140649,-45.2392
-0.120937,-55.0771
-0.382524,-64.9346
-0.644111,-74.8183
-0.905697,-84.7521
-1.16728,-94.7392
-1.42887,-104.791
-1.69046,-114.875
-1.95204,-124.976
-2.21363,-135.143
-2.47522,-145.38
-2.7368,-155.694
-2.99839,-166.085
-3.25998,-176.457
-3.52156,-186.759
-3.78315,-197.012
-4.04474,-207.258
-4.30632,-217.401
-4.56791,-227.444
-4.8295,-237.391
-5.09108,-247.228
-5.35267,-256.968
-5.61426,-266.611
-5.87584,-276.159
-6.13743,-285.611
-6.39902,-294.971
-6.6606,-304.231
-6.92219,-313.395
-7.18378,-322.47
-7.44536,-331.457
-7.70695,-340.353
-7.96854,-349.126
-8.23012,-357.797
-8.49171,-366.377
-8.7533,-374.853
-9.01488,-383.235
-9.27647,-391.523
-9.53806,-399.719
-9.79964,-407.822
-10.0612,-415.83
-10.3228,-423.747
-10.5844,-431.572
-10.846,-439.308
-11.1076,-446.954
-11.3692,-454.505
-11.6308,-461.967
-11.8923,-469.341
-12.1539,-476.623
-12.4155,-483.81
-12.6771,-490.904
-12.9387,-497.909
-13.2003,-504.818
-13.4619,-511.645
-13.7234,-518.377
-13.985,-525.018
-14.2466,-531.581
-14.5082,-538.056
-14.7698,-544.444
-15.0314,-550.758
-15.293,-556.98
-15.5546,-563.132
-15.8161,-569.203
-16.0777,-575.201
-16.3393,-581.13
-16.6009,-586.982
-16.8625,-592.772
-17.1241,-598.488
-17.3857,-604.149
-17.6472,-609.737
-17.9088,-615.275
-18.1704,-620.742
-18.432,-626.161
-18.6936,-631.512
-18.9552,-636.818
-19.2168,-642.062
-19.4784,-647.263
-19.7399,-652.408
-20.0015,-657.504
-20.2631,-662.549
-20.5247,-667.552
-20.7863,-672.515
-21.0479,-677.421
-21.3095,-682.293
-21.571,-687.118
-21.8326,-691.903
-22.0942,-696.645
-22.3558,-701.35
-22.6174,-706.02
-22.879,-710.641
-23.1406,-715.235
-23.4022,-719.789
-23.6637,-724.306
-23.9253,-728.791
-24.1869,-733.24
-24.4485,-737.65
-24.7101,-742.04
-24.9717,-746.383
-25.2333,-750.698
-25.4948,-754.992
-25.7564,-759.239
-26.018,-763.461
-26.2796,-767.663
-26.5412,-771.818
-26.8028,-775.954
-27.0644,-780.06
-27.326,-784.138
-27.5875,-788.175
-27.8491,-792.198
-28.1107,-796.187
-28.3723,-800.142
-28.6339,-804.079
-28.8955,-807.985
-29.1571,-811.857
-29.4186,-815.702
-29.6802,-819.523
-29.9418,-823.318
-30.2034,-827.068
-30.465,-830.799
-30.7266,-834.5
-30.9882,-838.156
-31.2498,-841.779
-31.5113,-845.35
-31.7729,-848.805
-32.0345,-851.166
-32.2961,-853.068
-32.5577,-854.622
-32.8193,-856.085
-33.0809,-857.487
-33.3424,-858.837
-33.604,-860.153
-33.8656,-861.437
-34.1272,-862.671
-34.3888,-863.873
-34.6504,-865.043
-34.912,-866.178
-35.1736,-867.289
-35.4351,-868.374
-35.6967,-869.432
-35.9583,-870.453
-36.2199,-871.448
-36.4815,-872.414
-36.7431,-873.35
-37.0047,-874.26
-37.2662,-875.135
-37.5278,-875.976
-37.7894,-876.782
-38.051,-877.561
-38.3126,-878.312
-38.5742,-879.033
-38.8358,-879.727
-39.0974,-880.393
-39.3589,-881.024
-39.0601,-876.132
-38.7613,-871.233
-38.4625,-866.328
-38.1636,-861.417
-37.8648,-856.495
-37.566,-851.557
-37.2672,-846.62
-36.9683,-841.683
-36.6695,-836.743
-36.3707,-831.783
-36.0718,-826.815
-35.773,-821.841
-35.4742,-816.864
-35.1754,-811.874
-34.8765,-806.869
-34.5777,-801.854
-34.2789,-796.827
-33.9801,-791.786
-33.6812,-786.744
-33.3824,-781.683
-33.0836,-776.597
-32.7848,-771.506
-32.4859,-766.409
-32.1871,-761.295
-31.8883,-756.155
-31.5894,-751.009
-31.2906,-745.843
-30.9918,-740.669
-30.693,-735.479
-30.3941,-730.263
-30.0953,-725.037
-29.7965,-719.801
-29.4977,-714.541
-29.1988,-709.262
-28.9,-703.97
-28.6012,-698.661
-28.3024,-693.339
-28.0035,-687.982
-27.7047,-682.624
-27.4059,-677.239
-27.107,-671.833
-26.8082,-666.4
-26.5094,-660.96
-26.2106,-655.496
-25.9117,-650.004
-25.6129,-644.492
-25.3141,-638.971
-25.0153,-633.405
-24.7164,-627.832
-24.4176,-622.23
-24.1188,-616.599
-23.82,-610.939
-23.5211,-605.263
-23.2223,-599.55
-22.9235,-593.807
-22.6246,-588.042
-22.3258,-582.255
-22.027,-576.444
-21.7282,-570.6
-21.4293,-564.712
-21.1305,-558.798
-20.8317,-552.843
-20.5329,-546.838
-20.234,-540.801
-19.9352,-534.706
-19.6364,-528.575
-19.3376,-522.391
-19.0387,-516.158
-18.7399,-509.874
-18.4411,-503.529
-18.1422,-497.136
-17.8434,-490.668
-17.5446,-484.148
-17.2458,-477.546
-16.9469,-470.886
-16.6481,-464.146
-16.3493,-457.335
-16.0505,-450.435
-15.7516,-443.461
-15.4528,-436.389
-15.154,-429.24
-14.8552,-421.99
-14.5563,-414.66
-14.2575,-407.237
-13.9587,-399.735
-13.6598,-392.119
-13.361,-384.416
-13.0622,-376.602
-12.7634,-368.693
-12.4645,-360.683
-12.1657,-352.565
-11.8669,-344.359
-11.5681,-336.052
-11.2692,-327.656
-10.9704,-319.181
-10.6716,-310.606
-10.3728,-301.946
-10.0739,-293.202
-9.7751,-284.365
-9.47627,-275.429
-9.17744,-266.404
-8.87862,-257.286
-8.57979,-248.072
-8.28096,-238.738
-7.98214,-229.287
-7.68331,-219.736
-7.38448,-210.08
-7.08566,-200.317
-6.78683,-190.447
-6.488,-180.468
-6.18918,-170.38
-5.89035,-160.181
-5.59152,-149.875
-5.2927,-139.469
-4.99387,-128.968
-4.69504,-118.359
-4.39622,-107.754
-4.09739,-97.137
-3.79856,-86.4853
-3.49974,-75.7844
-3.20091,-65.071
-2.90208,-54.4474
-2.60326,-43.9187
-2.30443,-33.4966
-2.0056,-23.164
-1.70678,-12.9322
-1.40795,-2.79366
-1.10912,7.25869
-0.810297,17.229
-0.511471,27.1497
-0.212644,36.994
0.0861827,46.7829
0.385009,56.5837
0.683836,66.4493
0.982663,76.3251
1.28149,86.1662
1.58032,95.974
1.87914,105.838
2.17797,115.767
2.4768,125.775
2.77562,135.845
3.07445,145.999
3.37328,156.244
3.6721,166.572
3.97093,176.969
4.26976,187.437
4.56858,197.975
4.86741,208.534
5.16624,219.019
5.46506,229.428
5.76389,239.778
6.06272,250.127
6.36154,260.367
6.66037,270.497
6.9592,280.521
7.25802,290.437
7.55685,300.239
7.85568,309.936
8.1545,319.525
8.45333,329.002
8.75216,338.355
9.05098,347.584
9.34981,356.709
9.64864,365.72
9.94746,374.623
10.2463,383.423
10.5451,392.12
10.8439,400.711
11.1428,409.195
11.4416,417.58
11.7404,425.867
12.0392,434.053
12.3381,442.136
12.6369,450.122
12.9357,458.004
13.2346,465.768
13.5334,473.433
13.8322,480.991
14.131,488.438
14.4299,495.786
14.7287,503.027
15.0275,510.166
15.3263,517.211
15.6252,524.149
15.924,531
16.2228,537.75
16.5216,544.41
16.8205,550.983
17.1193,557.462
17.4181,563.861
17.717,570.162
18.0158,576.39
18.3146,582.527
18.6134,588.599
18.9123,594.585
19.2111,600.508
19.5099,606.35
19.8087,612.132
20.1076,617.84
20.4064,623.488
20.7052,629.071
21.004,634.592
21.3029,640.058
21.6017,645.461
21.9005,650.821
22.1994,656.112
22.4982,661.358
22.797,666.542
23.0958,671.683
23.3947,676.78
23.6935,681.812
23.9923,686.809
24.2911,691.755
24.59,696.653
24.8888,701.515
25.1876,706.326
25.4864,711.095
25.7853,715.828
26.0841,720.512
26.3829,725.162
26.6818,729.776
26.9806,734.335
27.2794,738.877
27.5782,743.366
27.8771,747.82
28.1759,752.242
28.4747,756.627
28.7735,760.968
29.0724,765.286
29.3712,769.564
29.67,773.807
29.9688,778.011
30.2677,782.199
30.5665,786.332
30.8653,790.441
31.1642,794.521
31.463,798.567
31.7618,802.577
32.0606,806.551
32.3595,810.512
32.6583,814.419
32.9571,818.298
33.2559,822.156
33.5548,825.979
33.8536,829.757
34.1524,833.509
34.4512,837.231
34.7501,840.926
35.0489,844.57
35.3477,848.183
35.6466,851.774
35.9454,855.32
36.2442,858.814
36.543,862.278
36.8419,865.687
37.1407,869.009
37.4395,871.462
37.7383,873.012
38.0372,874.194
38.336,875.257
38.6348,876.242
38.9336,877.197
39.2325,878.112
39.5313,843.957
39.8301,839.592
40.129,835.166
40.4278,833.313
40.7266,828.75
41.0254,824.132
41.3243,822.081
41.6231,817.365
41.9219,815.204
42.2207,810.432
42.5196,808.181
42.8184,805.9
43.1172,801.06
43.416,798.727
43.7149,796.359
44.0137,793.966
44.3125,791.542
44.6114,789.081
44.9102,786.609
44.6461,782.543
44.382,778.468
44.118,774.391
43.8539,770.308
43.5898,766.224
43.3257,762.125
43.0617,758.021
42.7976,753.914
42.5335,749.791
42.2694,745.652
42.0054,741.507
41.7413,737.356
41.4772,733.202
41.2132,729.035
40.9491,724.864
40.685,720.689
40.4209,716.51
40.1569,712.305
39.8928,708.093
39.6287,703.879
39.3646,699.65
39.1006,695.419
38.8365,691.183
38.5724,686.937
38.3083,682.685
38.0443,678.421
37.7802,674.143
37.5161,669.857
37.2521,665.566
36.988,661.269
36.7239,656.963
36.4598,652.656
36.1958,648.336
35.9317,643.999
35.6676,639.655
35.4035,635.3
35.1395,630.946
34.8754,626.578
34.6113,622.208
34.3472,617.83
34.0832,613.432
33.8191,609.024
33.555,604.603
33.291,600.179
33.0269,595.742
32.7628,591.303
32.4987,586.851
32.2347,582.382
31.9706,577.895
31.7065,573.402
31.4424,568.896
31.1784,564.384
30.9143,559.869
30.6502,555.348
30.3861,550.808
30.1221,546.252
29.858,541.684
29.5939,537.107
29.3299,532.515
29.0658,527.905
28.8017,523.267
28.5376,518.615
28.2736,513.946
28.0095,509.26
27.7454,504.56
27.4813,499.836
27.2173,495.081
26.9532,490.3
26.6891,485.499
26.425,480.675
26.161,475.83
25.8969,470.951
25.6328,466.037
25.3688,461.097
25.1047,456.128
24.8406,451.13
24.5765,446.1
24.3125,441.022
24.0484,435.91
23.7843,430.766
23.5202,425.599
23.2562,420.413
22.9921,415.181
22.728,409.907
22.4639,404.598
22.1999,399.255
21.9358,393.869
21.6717,388.441
21.4077,382.966
21.1436,377.456
20.8795,371.909
20.6154,366.322
20.3514,360.691
20.0873,355.01
19.8232,349.295
19.5591,343.548
19.2951,337.77
19.031,331.954
18.7669,326.102
18.5028,320.227
18.2388,314.327
17.9747,308.403
17.7106,302.438
17.4466,296.447
17.1825,290.433
16.9184,284.395
16.6543,278.322
16.3903,272.219
16.1262,266.093
15.8621,259.946
15.598,253.764
15.334,247.549
15.0699,241.296
14.8058,235.024
14.5417,228.71
14.2777,222.372
14.0136,216.012
13.7495,209.627
13.4855,203.223
13.2214,196.812
12.9573,190.384
12.6932,183.916
12.4292,177.426
12.1651,170.914
11.901,164.362
11.6369,157.792
11.3729,151.195
11.1088,144.568
10.8447,137.929
10.5806,131.257
10.3166,124.562
10.0525,117.848
9.78843,111.103
9.52436,104.35
9.26028,97.5618
8.99621,90.7655
8.73214,83.9349
8.46806,77.0933
8.20399,70.2166
7.93992,63.3648
7.67584,56.5728
7.41177,49.8845
7.1477,43.2571
6.88362,36.7301
6.61955,30.2843
6.35548,23.9185
6.0914,17.6266
5.82733,11.4229
5.56326,5.26661
5.29918,-0.813407
5.03511,-6.83027
4.77104,-12.7688
4.50696,-18.6465
4.24289,-24.483
3.97882,-30.2668
3.71474,-36.0169
3.45067,-41.724
3.1866,-47.3864
2.92252,-52.9693
2.65845,-58.4422
2.39438,-63.8189
2.1303,-69.1008
1.86623,-74.3569
1.60216,-79.6179
1.33808,-84.8898
1.07401,-90.1787
0.809936,-95.4859
0.545863,-100.831
0.281789,-106.226
0.017716,-111.664
-0.246357,-117.148
-0.510431,-122.709
-0.774504,-128.333
-1.03858,-134.029
-1.30265,-139.806
-1.56672,-145.689
-1.8308,-151.789
-2.09487,-158.051
-2.35894,-164.442
-2.62302,-170.943
-2.88709,-177.573
-3.15116,-184.341
-3.41524,-191.239
-3.67931,-198.263
-3.94338,-205.429
-4.20746,-212.721
-4.47153,-220.138
-4.7356,-227.687
-4.99968,-235.347
-5.26375,-243.134
-5.52782,-251.023
-5.7919,-259.03
-6.05597,-267.109
-6.32004,-275.174
-6.58412,-283.207
-6.84819,-291.218
-7.11226,-299.233
-7.37634,-307.279
-7.64041,-315.259
-7.90448,-323.182
-8.16856,-331.038
-8.43263,-338.833
-8.6967,-346.554
-8.96078,-354.214
-9.22485,-361.804
-9.48892,-369.313
-9.753,-376.742
-10.0171,-384.108
-10.2811,-391.406
-10.5452,-398.644
-10.8093,-405.812
-11.0734,-412.922
-11.3374,-419.959
-11.6015,-426.939
-11.8656,-433.844
-12.1297,-440.696
-12.3937,-447.469
-12.6578,-454.186
-12.9219,-460.829
-13.186,-467.405
-13.45,-473.906
-13.7141,-480.334
-13.9782,-486.701
-14.2422,-492.983
-14.5063,-499.204
-14.7704,-505.351
-15.0345,-511.422
-15.2985,-517.431
-15.5626,-523.358
-15.8267,-529.225
-16.0908,-535.022
-16.3548,-540.748
-16.6189,-546.414
-16.883,-552
-17.1471,-557.525
-17.4111,-562.984
-17.6752,-568.368
-17.9393,-573.699
-18.2033,-578.958
-18.4674,-584.157
-18.7315,-589.302
-18.9956,-594.378
-19.2596,-599.404
-19.5237,-604.381
-19.7878,-609.292
-20.0519,-614.162
-20.3159,-618.978
-20.58,-623.739
-20.8441,-628.462
-21.1082,-633.127
-21.3722,-637.753
-21.6363,-642.343
-21.9004,-646.877
-22.1644,-651.37
-22.4285,-655.831
-22.6926,-660.239
-22.9567,-664.618
-23.2207,-668.958
-23.4848,-673.249
-23.7489,-677.514
-24.013,-681.742
-24.277,-685.923
-24.5411,-690.084
-24.8052,-694.206
-25.0693,-698.276
-25.3333,-702.319
-25.5974,-706.338
-25.8615,-710.316
-26.1255,-714.259
-26.3896,-718.191
-26.6537,-722.072
-26.9178,-725.933
-27.1818,-729.763
-27.4459,-733.574
-27.71,-737.339
-27.9741,-741.09
-28.2381,-744.813
-28.5022,-748.507
-28.7663,-752.168
-29.0304,-755.815
-29.2944,-759.434
-29.5585,-763.02
-29.8226,-766.582
-30.0866,-770.125
-30.3507,-773.65
-30.6148,-777.132
-30.8789,-780.605
-31.1429,-784.051
-31.407,-787.477
-31.6711,-790.871
-31.9352,-794.243
-32.1992,-797.605
-32.4633,-800.938
-32.7274,-804.238
-32.9915,-807.527
-33.2555,-810.792
-33.5196,-814.039
-33.7837,-817.256
-34.0477,-820.445
-34.3118,-823.623
-34.5759,-826.787
-34.84,-829.908
-35.104,-833.011
-35.3681,-836.102
-35.6322,-839.161
-35.8963,-842.206
-36.1603,-845.217
-36.4244,-848.201
-36.6885,-851.167
-36.9526,-854.117
-37.2166,-857.032
-37.4807,-859.907
-37.7448,-862.764
-38.0088,-865.6
-38.2729,-868.394
-38.537,-871.137
-38.8011,-873.762
-39.0651,-875.275
-39.3292,-841.259
-39.5933,-836.754
-39.8574,-834.846
-39.516,-829.294
-39.1746,-823.828
-38.8332,-818.359
-38.4918,-812.874
-38.1504,-807.37
-37.809,-801.866
-37.4676,-796.352
-37.1262,-790.824
-36.7848,-785.289
-36.4434,-779.733
-36.102,-774.161
-35.7606,-768.58
-35.4192,-762.997
-35.0778,-757.388
-34.7364,-751.761
-34.395,-746.122
-34.0536,-740.468
-33.7122,-734.806
-33.3708,-729.125
-33.0294,-723.42
-32.688,-717.712
-32.3466,-711.983
-32.0052,-706.25
-31.6638,-700.482
-31.3224,-694.71
-30.981,-688.923
-30.6396,-683.128
-30.2982,-677.295
-29.9568,-671.453
-29.6154,-665.599
-29.274,-659.733
-28.9326,-653.831
-28.5912,-647.919
-28.2498,-641.991
-27.9084,-636.047
-27.567,-630.065
-27.2256,-624.072
-26.8842,-618.066
-26.5428,-612.012
-26.2014,-605.945
-25.86,-599.86
-25.5186,-593.734
-25.1772,-587.58
-24.8358,-581.407
-24.4944,-575.202
-24.153,-568.958
-23.8116,-562.687
-23.4702,-556.38
-23.1288,-550.026
-22.7874,-543.64
-22.446,-537.22
-22.1046,-530.762
-21.7632,-524.267
-21.4218,-517.714
-21.0804,-511.105
-20.739,-504.451
-20.3976,-497.721
-20.0562,-490.938
-19.7148,-484.088
-19.3734,-477.157
-19.032,-470.158
-18.6906,-463.073
-18.3492,-455.898
-18.0078,-448.649
-17.6664,-441.282
-17.325,-433.832
-16.9836,-426.292
-16.6422,-418.651
-16.3008,-410.926
-15.9594,-403.092
-15.618,-395.158
-15.2766,-387.132
-14.9352,-378.995
-14.5938,-370.766
-14.2524,-362.43
-13.911,-353.996
-13.5696,-345.466
-13.2282,-336.842
-12.8868,-328.144
-12.5454,-319.348
-12.204,-310.491
-11.8626,-301.54
-11.5212,-292.521
-11.1798,-283.422
-10.8384,-274.245
-10.497,-264.99
-10.1556,-255.623
-9.81416,-246.171
-9.47276,-236.639
-9.13136,-227.021
-8.78996,-217.327
-8.44856,-207.542
-8.10716,-197.684
-7.76576,-187.739
-7.42436,-177.714
-7.08296,-167.614
-6.74156,-157.429
-6.40016,-147.185
-6.05876,-136.868
-5.71736,-126.48
-5.37596,-116.026
-5.03456,-105.503
-4.69316,-94.9238
-4.35176,-84.426
-4.01036,-74.1229
-3.66896,-64.0343
-3.32756,-54.1895
-2.98616,-44.5725
-2.64476,-35.2112
-2.30336,-26.1039
-1.96196,-17.231
-1.62056,-8.59088
-1.27916,-0.189722
-0.937757,7.9817
-0.596357,15.93
-0.254957,23.6052
0.0864427,30.9184
0.427843,38.0341
0.769243,45.0228
1.11064,51.8923
1.45204,58.6434
1.79344,65.3135
2.13484,71.9018
2.47624,78.4333
2.81764,84.8965
3.15904,91.3291
3.50044,97.7425
3.84184,104.128
4.18324,110.515
4.52464,116.921
4.86604,123.37
5.20744,129.998
5.54884,136.801
5.89024,143.802
6.23164,150.877
6.57304,158.018
6.91444,165.228
7.25584,172.514
7.59724,179.888
7.93864,187.364
8.28004,194.935
8.62144,202.604
8.96284,210.366
9.30424,218.236
9.64564,226.215
9.98704,234.298
10.3284,242.484
10.6698,250.781
11.0112,259.04
11.3526,267.235
11.694,275.369
12.0354,283.432
12.3768,291.444
12.7182,299.382
13.0596,307.271
13.401,315.087
13.7424,322.855
14.0838,330.555
14.4252,338.202
14.7666,345.785
15.108,353.304
15.4494,360.771
15.7908,368.151
16.1322,375.471
16.4736,382.727
16.815,389.925
17.1564,397.074
17.4978,404.151
17.8392,411.174
18.1806,418.145
18.522,425.038
18.8634,431.876
19.2048,438.661
19.5462,445.369
19.8876,452.017
20.229,458.603
20.5704,465.113
20.9118,471.552
21.2532,477.93
21.5946,484.237
21.936,490.461
22.2774,496.621
22.6188,502.714
22.9602,508.734
23.3016,514.678
23.643,520.554
23.9844,526.372
24.3258,532.106
24.6672,537.77
25.0086,543.375
25.35,548.917
25.6914,554.376
26.0328,559.77
26.3742,565.101
26.7156,570.373
27.057,575.569
27.3984,580.71
27.7398,585.802
28.0812,590.844
28.4226,595.822
28.764,600.745
29.1054,605.625
29.4468,610.462
29.7882,615.244
30.1296,619.973
30.471,624.662
30.8124,629.315
31.1538,633.929
31.4952,638.483
31.8366,642.998
32.178,647.48
32.5194,651.93
32.8608,656.334
33.2022,660.673
33.5436,664.978
33.885,669.256
34.2264,673.506
34.5678,677.7
34.9092,681.862
35.2506,686
35.592,690.103
35.9334,694.183
36.2748,698.214
36.6162,702.211
36.9576,706.191
37.299,710.137
37.6404,714.063
37.9818,717.944
38.3232,721.794
38.6646,725.622
39.006,729.423
39.3474,733.204
39.6888,736.947
40.0302,740.657
40.3716,744.341
40.713,748.002
41.0544,751.642
41.3958,755.253
41.7372,758.826
42.0786,762.361
42.42,765.874
42.7614,769.344
43.1028,772.768
43.4442,776.091
43.7856,779.043
44.127,777.633
44.4684,658.778
44.8098,642.871
45.1512,634.885
45.4926,627.015
45.834,619.287
46.1754,611.707
46.5168,604.286
46.8582,597.032
47.1996,596.459
47.541,589.364
47.8824,588.78
48.2238,581.855
48.5652,575.106
48.9066,574.512
49.248,573.914
49.5894,567.333
49.9308,566.731
50.2722,560.328
50.6136,559.728
50.955,553.512
51.2964,552.914
50.9529,547.065
50.6094,541.186
50.2659,535.278
49.9224,529.341
49.5789,523.377
49.2354,517.383
48.8918,511.361
48.5483,505.312
48.2048,499.235
47.8613,493.133
47.5178,487.005
47.1743,480.851
46.8308,474.674
46.4873,468.474
46.1437,462.248
45.8002,455.997
45.4567,449.726
45.1132,443.433
44.7697,437.124
44.4262,430.799
44.0827,424.459
43.7391,418.106
43.3956,411.74
43.0521,405.361
42.7086,398.973
42.3651,392.576
42.0216,386.188
41.6781,379.797
41.3346,373.401
40.991,367
40.6475,360.597
40.304,354.189
39.9605,347.774
39.617,341.352
39.2735,334.928
38.93,328.506
38.5864,322.088
38.2429,315.675
37.8994,309.269
37.5559,302.868
37.2124,296.474
36.8689,290.088
36.5254,283.71
36.1819,277.341
35.8383,270.982
35.4948,264.638
35.1513,258.321
34.8078,252.023
34.4643,245.737
34.1208,239.464
33.7773,233.205
33.4337,226.962
33.0902,220.733
32.7467,214.518
32.4032,208.318
32.0597,202.135
31.7162,195.968
31.3727,189.818
31.0292,183.684
30.6856,177.566
30.3421,171.461
29.9986,165.371
29.6551,159.299
29.3116,153.245
28.9681,147.21
28.6246,141.195
28.281,135.202
27.9375,129.23
27.594,123.281
27.2505,117.351
26.907,111.443
26.5635,105.549
26.22,99.6802
25.8765,93.8364
25.5329,88.0355
25.1894,82.2835
24.8459,76.5695
24.5024,70.8764
24.1589,65.2055
23.8154,59.5564
23.4719,53.922
23.1283,48.3115
22.7848,42.7249
22.4413,37.1734
22.0978,31.6474
21.7543,26.1436
21.4108,20.6615
21.0673,15.1852
20.7238,9.72945
20.3802,4.29596
20.0367,-1.11416
19.6932,-6.50351
19.3497,-11.8737
19.0062,-17.207
18.6627,-22.3216
18.3192,-27.1867
17.9756,-31.8183
17.6321,-36.2245
17.2886,-40.4253
16.9451,-44.4235
16.6016,-48.2137
16.2581,-51.8111
15.9146,-55.2275
15.5711,-58.4871
15.2275,-61.5728
14.884,-64.4999
14.5405,-67.2619
14.197,-69.9027
13.8535,-72.4045
13.51,-74.7521
13.1665,-76.9729
12.8229,-79.0547
12.4794,-81.0052
12.1359,-82.949
11.7924,-84.9004
11.4489,-86.8346
11.1054,-88.7742
10.7619,-90.7094
10.4184,-92.627
10.0748,-94.5711
9.73133,-96.5003
9.38782,-98.4516
9.0443,-100.4
8.70079,-102.371
8.35728,-104.345
8.01376,-106.351
7.67025,-108.362
7.32674,-110.421
6.98322,-112.492
6.63971,-114.587
6.2962,-116.733
5.95268,-118.912
5.60917,-121.129
5.26566,-123.394
4.92214,-125.727
4.57863,-128.119
4.23512,-130.568
3.8916,-133.051
3.54809,-135.585
3.20458,-138.185
2.86106,-140.834
2.51755,-143.56
2.17404,-146.359
1.83052,-149.236
1.48701,-152.215
1.1435,-155.284
0.799983,-158.485
0.456469,-161.784
0.112956,-165.218
-0.230557,-168.803
-0.574071,-172.538
-0.917584,-176.44
-1.2611,-180.52
-1.60461,-184.786
-1.94812,-189.26
-2.29164,-193.933
-2.63515,-198.825
-2.97866,-203.992
-3.32218,-209.603
-3.66569,-215.571
-4.0092,-221.822
-4.35272,-228.364
-4.69623,-235.202
-5.03974,-242.327
-5.38326,-249.736
-5.72677,-257.433
-6.07028,-265.391
-6.4138,-273.612
-6.75731,-282.101
-7.10082,-290.818
-7.44434,-299.749
-7.78785,-308.747
-8.13136,-317.687
-8.47488,-326.55
-8.81839,-335.356
-9.1619,-344.098
-9.50542,-352.766
-9.84893,-361.362
-10.1924,-369.886
-10.536,-378.339
-10.8795,-386.712
-11.223,-395.013
-11.5665,-403.233
-11.91,-411.364
-12.2535,-419.417
-12.597,-427.397
-12.9406,-435.3
-13.2841,-443.136
-13.6276,-450.891
-13.9711,-458.568
-14.3146,-466.169
-14.6581,-473.695
-15.0016,-481.142
-15.3451,-488.488
-15.6887,-495.74
-16.0322,-502.89
-16.3757,-509.947
-16.7192,-516.897
-17.0627,-523.752
-17.4062,-530.523
-17.7497,-537.202
-18.0933,-543.784
-18.4368,-550.274
-18.7803,-556.683
-19.1238,-563.018
-19.4673,-569.245
-19.8108,-575.385
-20.1543,-581.436
-20.4978,-587.411
-20.8414,-593.291
-21.1849,-599.094
-21.5284,-604.825
-21.8719,-610.488
-22.2154,-616.074
-22.5589,-621.589
-22.9024,-627.047
-23.246,-632.445
-23.5895,-637.771
-23.933,-643.039
-24.2765,-648.258
-24.62,-653.424
-24.9635,-658.523
-25.307,-663.566
-25.6505,-668.558
-25.9941,-673.484
-26.3376,-678.364
-26.6811,-683.205
-27.0246,-687.989
-27.3681,-692.725
-27.7116,-697.427
-28.0551,-702.087
-28.3987,-706.688
-28.7422,-711.259
-29.0857,-715.8
-29.4292,-720.277
-29.7727,-724.726
-30.1162,-729.149
-30.4597,-733.517
-30.8032,-737.85
-31.1468,-742.16
-31.4903,-746.425
-31.8338,-750.652
-32.1773,-754.846
-32.5208,-759.017
-32.8643,-763.142
-33.2078,-767.232
-33.5514,-771.301
-33.8949,-775.337
-34.2384,-779.329
-34.5819,-783.29
-34.9254,-787.222
-35.2689,-791.105
-35.6124,-794.95
-35.9559,-798.766
-36.2995,-802.557
-36.643,-806.312
-36.9865,-810.021
-37.33,-813.708
-37.6735,-817.352
-38.017,-820.964
-38.3605,-824.508
-38.7041,-827.97
-39.0476,-831.12
-39.3911,-827.38
-39.7346,-823.229
-40.0781,-818.86
-40.4216,-814.389
-40.7651,-812.37
-41.1086,-807.713
-41.4522,-803.019
-41.7957,-800.8
-42.1392,-798.531
-42.4827,-793.702
-42.8262,-791.337
-43.1697,-788.938
-43.5132,-784.044
-43.8568,-781.573
-44.2003,-779.071
-44.5438,-650.2
-44.8873,-634.541
-45.2308,-626.668
-45.5743,-618.948
-45.9178,-611.34
-46.2613,-603.865
-46.6049,-603.238
-46.9484,-595.929
-47.2919,-588.79
-47.6354,-588.16
-47.9789,-581.215
-48.3224,-574.487
-48.6659,-573.912
-49.0095,-573.342
-49.353,-566.84
-49.6965,-566.272
-50.04,-559.953
-50.3835,-559.389
-50.727,-553.251
-51.0705,-552.692
-51.414,-552.133
-51.7576,-546.183
-51.412,-538.21
-51.0665,-532.391
-50.7209,-526.547
-50.3753,-520.678
-50.0298,-514.785
-49.6842,-508.866
-49.3387,-502.922
-48.9931,-496.951
-48.6476,-490.955
-48.302,-484.938
-47.9565,-478.899
-47.6109,-472.839
-47.2654,-466.758
-46.9198,-460.658
-46.5743,-454.544
-46.2287,-448.416
-45.8832,-442.278
-45.5376,-436.131
-45.192,-429.976
-44.8465,-423.809
-44.5009,-417.63
-44.1554,-411.445
-43.8098,-405.257
-43.4643,-399.066
-43.1187,-392.869
-42.7732,-386.671
-42.4276,-380.472
-42.0821,-374.275
-41.7365,-368.078
-41.391,-361.869
-41.0454,-355.66
-40.6999,-349.453
-40.3543,-343.252
-40.0087,-337.056
-39.6632,-330.863
-39.3176,-324.676
-38.9721,-318.498
-38.6265,-312.331
-38.281,-306.173
-37.9354,-300.026
-37.5899,-293.886
-37.2443,-287.755
-36.8988,-281.638
-36.5532,-275.532
-36.2077,-269.44
-35.8621,-263.362
-35.5166,-257.297
-35.171,-251.246
-34.8254,-245.211
-34.4799,-239.191
-34.1343,-233.188
-33.7888,-227.201
-33.4432,-221.231
-33.0977,-215.279
-32.7521,-209.343
-32.4066,-203.424
-32.061,-197.52
-31.7155,-191.635
-31.3699,-185.766
-31.0244,-179.91
-30.6788,-174.072
-30.3333,-168.252
-29.9877,-162.451
-29.6421,-156.668
-29.2966,-150.904
-28.951,-145.159
-28.6055,-139.434
-28.2599,-133.729
-27.9144,-128.044
-27.5688,-122.382
-27.2233,-116.744
-26.8777,-111.131
-26.5322,-105.54
-26.1866,-99.9706
-25.8411,-94.4148
-25.4955,-88.8775
-25.15,-83.3637
-24.8044,-77.8732
-24.4588,-72.4053
-24.1133,-66.9598
-23.7677,-61.5363
-23.4222,-56.1345
-23.0766,-50.7548
-22.7311,-45.3997
-22.3855,-40.0652
-22.04,-34.7509
-21.6944,-29.4516
-21.3489,-24.1683
-21.0033,-18.9041
-20.6578,-13.6598
-20.3122,-8.44035
-19.9667,-3.24379
-19.6211,1.83319
-19.2755,6.65723
-18.93,11.2348
-18.5844,15.5698
-18.2389,19.6823
-17.8933,23.584
-17.5478,27.2718
-17.2022,30.7561
-16.8567,34.0492
-16.5111,37.162
-16.1656,40.0868
-15.82,42.847
-15.4745,45.4406
-15.1289,47.8901
-14.7834,50.1848
-14.4378,52.344
-14.0922,54.3595
-13.7467,56.2387
-13.4011,57.9949
-13.0556,59.689
-12.71,61.3702
-12.3645,63.0416
-12.0189,64.6956
-11.6734,66.3324
-11.3278,67.9526
-10.9823,69.5567
-10.6367,71.1466
-10.2912,72.7346
-9.9456,74.3081
-9.60005,75.867
-9.2545,77.4116
-8.90894,78.9421
-8.56339,80.4695
-8.21784,81.9899
-7.87228,83.4972
-7.52673,84.9917
-7.18118,86.4737
-6.83562,87.9587
-6.49007,89.4355
-6.14452,90.9008
-5.79896,92.3548
-5.45341,93.809
-5.10786,95.2607
-4.7623,96.7029
-4.41675,98.1358
-4.0712,99.5487
-3.72564,100.941
-3.38009,102.286
-3.03454,103.616
-2.68898,104.921
-2.34343,106.205
-1.99788,107.454
-1.65232,108.701
-1.30677,109.926
-0.961217,111.127
-0.615664,112.327
-0.270111,113.506
0.0754427,114.664
0.420996,115.829
0.766549,116.963
1.1121,118.109
1.45766,119.23
1.80321,120.35
2.14876,121.473
2.49432,122.575
2.83987,123.704
3.18542,124.8
3.53098,125.917
3.87653,127.03
4.22208,128.146
4.56764,129.263
4.91319,130.405
5.25874,131.528
5.6043,132.683
5.94985,133.845
6.2954,135.011
6.64096,136.197
6.98651,137.395
7.33206,138.626
7.67762,139.859
8.02317,141.115
8.36872,142.367
8.71428,143.607
9.05983,144.831
9.40538,146.051
9.75094,147.267
10.0965,148.478
10.442,149.668
10.7876,150.855
11.1331,152.038
11.4787,153.218
11.8243,154.391
12.1698,155.547
12.5154,156.701
12.8609,157.851
13.2065,158.999
13.552,160.143
13.8976,161.275
14.2431,162.4
14.5887,163.522
14.9342,164.641
15.2798,165.756
15.6253,166.869
15.9709,167.975
16.3164,169.106
16.662,170.409
17.0076,171.828
17.3531,173.366
17.6987,175.057
18.0442,176.881
18.3898,178.869
18.7353,180.998
19.0809,183.308
19.4264,185.794
19.772,188.466
20.1175,191.333
20.4631,194.41
20.8086,197.703
21.1542,201.223
21.4997,204.975
21.8453,208.965
22.1909,213.208
22.5364,217.642
22.882,222.073
23.2275,226.501
23.5731,230.922
23.9186,235.339
24.2642,239.749
24.6097,244.154
24.9553,248.553
25.3008,252.937
25.6464,257.318
25.9919,261.693
26.3375,266.058
26.683,270.419
27.0286,274.774
27.3742,279.123
27.7197,283.469
28.0653,287.809
28.4108,292.145
28.7564,296.471
29.1019,300.775
29.4475,305.06
29.793,309.338
30.1386,313.611
30.4841,317.877
30.8297,322.136
31.1752,326.389
31.5208,330.632
31.8663,334.87
32.2119,339.1
32.5575,343.322
32.903,347.538
33.2486,351.748
33.5941,355.949
33.9397,360.141
34.2852,364.319
34.6308,368.49
34.9763,372.655
35.3219,376.81
35.6674,380.959
36.013,385.101
36.3585,389.233
36.7041,393.359
37.0496,397.478
37.3952,401.587
37.7408,405.689
38.0863,409.762
38.4319,413.821
38.7774,417.874
39.123,421.915
39.4685,425.945
39.8141,429.963
40.1596,433.97
40.5052,437.966
40.8507,441.949
41.1963,445.921
41.5418,449.887
41.8874,453.841
42.2329,457.788
42.5785,461.726
42.9241,465.651
43.2696,469.569
43.6152,473.478
43.9607,477.361
44.3063,481.218
44.6518,485.062
44.9974,488.895
45.3429,492.719
45.6885,496.528
46.034,500.319
46.3796,504.1
46.7251,507.865
47.0707,511.616
47.4162,515.353
47.7618,519.065
48.1074,522.759
48.4529,526.432
48.7985,530.082
49.144,533.701
49.4896,537.275
49.8351,540.764
50.1807,544.171
50.5262,547.317
50.8718,541.658
51.2173,541.174
51.5629,540.648
51.9084,534.959
51.5687,526.942
51.229,521.084
50.8893,515.202
50.5496,509.29
50.2099,503.357
49.8702,497.403
49.5305,491.429
49.1908,485.441
48.8511,479.438
48.5114,473.421
48.1717,467.387
47.832,461.341
47.4923,455.284
47.1526,449.218
46.8129,443.137
46.4732,437.045
46.1335,430.945
45.7938,424.839
45.4541,418.723
45.1144,412.602
44.7747,406.475
44.435,400.339
44.0953,394.198
43.7556,388.056
43.4159,381.914
43.0762,375.772
42.7365,369.632
42.3968,363.492
42.0571,357.354
41.7174,351.219
41.3777,345.091
41.038,338.969
40.6983,332.852
40.3586,326.743
40.0189,320.645
39.6792,314.557
39.3395,308.481
38.9998,302.417
38.6601,296.363
38.3204,290.32
37.9807,284.29
37.641,278.274
37.3013,272.272
36.9616,266.285
36.6219,260.315
36.2822,254.361
35.9425,248.422
35.6028,242.501
35.2631,236.599
34.9234,230.715
34.5837,224.849
34.244,219.002
33.9043,213.173
33.5646,207.364
33.2249,201.572
32.8852,195.799
32.5455,190.046
32.2058,184.313
31.8661,178.595
31.5264,172.894
31.1867,167.213
30.847,161.55
30.5073,155.911
30.1676,150.296
29.8279,144.706
29.4882,139.14
29.1485,133.599
28.8088,128.078
28.4691,122.576
28.1294,117.097
27.7897,111.644
27.45,106.215
27.1103,100.811
26.7706,95.4301
26.4309,90.0725
26.0912,84.7323
25.7515,79.415
25.4118,74.1203
25.0721,68.8477
24.7324,63.597
24.3927,58.369
24.053,53.165
23.7133,47.9819
23.3736,42.8192
23.0339,37.6767
22.6942,32.5539
22.3545,27.4505
22.0148,22.3658
21.6751,17.2921
21.3354,12.2368
20.9957,7.19953
20.656,2.17993
20.3163,-2.82235
19.9766,-7.65217
19.6369,-12.2317
19.2972,-16.5738
18.9575,-20.6858
18.6178,-24.5756
18.2781,-28.2538
17.9384,-31.7354
17.5987,-35.0215
17.259,-38.1155
16.9193,-41.0229
16.5796,-43.7648
16.2399,-46.3311
15.9002,-48.7476
15.5605,-51.0021
15.2208,-53.1218
14.8811,-55.104
14.5414,-56.9524
14.2017,-58.6775
13.862,-60.2827
13.5223,-61.851
13.1826,-63.4018
12.8429,-64.9355
12.5032,-66.458
12.1635,-67.9715
11.8238,-69.4692
11.4841,-70.9515
11.1444,-72.4186
10.8047,-73.8709
10.465,-75.3087
10.1253,-76.7451
9.78564,-78.1696
9.44594,-79.5806
9.10624,-80.9787
8.76654,-82.3637
8.42684,-83.7395
8.08714,-85.116
7.74744,-86.4806
7.40774,-87.8336
7.06804,-89.1753
6.72834,-90.5094
6.38864,-91.8469
6.04894,-93.1737
5.70924,-94.4903
5.36954,-95.7969
5.02984,-97.1084
4.69014,-98.415
4.35044,-99.712
4.01074,-100.983
3.67104,-102.239
3.33134,-103.463
2.99164,-104.667
2.65194,-105.836
2.31224,-107.008
1.97254,-108.141
1.63284,-109.262
1.29314,-110.365
0.953443,-111.461
0.613743,-112.523
0.274043,-113.592
-0.0656573,-114.642
-0.405357,-115.671
-0.745057,-116.713
-1.08476,-117.727
-1.42446,-118.742
-1.76416,-119.752
-2.10386,-120.746
-2.44356,-121.758
-2.78326,-122.744
-3.12296,-123.739
-3.46266,-124.742
-3.80236,-125.727
-4.14206,-126.732
-4.48176,-127.737
-4.82146,-128.744
-5.16116,-129.753
-5.50086,-130.787
-5.84056,-131.812
-6.18026,-132.854
-6.51996,-133.911
-6.85966,-134.982
-7.19936,-136.063
-7.53906,-137.153
-7.87876,-138.28
-8.21846,-139.4
-8.55816,-140.5
-8.89786,-141.595
-9.23756,-142.686
-9.57726,-143.774
-9.91696,-144.846
-10.2567,-145.908
-10.5964,-146.967
-10.9361,-148.023
-11.2758,-149.075
-11.6155,-150.112
-11.9552,-151.141
-12.2949,-152.167
-12.6346,-153.19
-12.9743,-154.21
-13.314,-155.226
-13.6537,-156.225
-13.9934,-157.222
-14.3331,-158.215
-14.6728,-159.206
-15.0125,-160.194
-15.3522,-161.179
-15.6919,-162.153
-16.0316,-163.12
-16.3713,-164.084
-16.711,-165.059
-17.0507,-166.143
-17.3904,-167.339
-17.7301,-168.656
-18.0698,-170.114
-18.4095,-171.689
-18.7492,-173.418
-19.0889,-175.29
-19.4286,-177.335
-19.7683,-179.54
-20.108,-181.92
-20.4477,-184.495
-20.7874,-187.262
-21.1271,-190.23
-21.4668,-193.404
-21.8065,-196.801
-22.1462,-200.43
-22.4859,-204.31
-22.8256,-208.441
-23.1653,-212.685
-23.505,-216.924
-23.8447,-221.158
-24.1844,-225.387
-24.5241,-229.611
-24.8638,-233.822
-25.2035,-238.027
-25.5432,-242.226
-25.8829,-246.42
-26.2226,-250.611
-26.5623,-254.794
-26.902,-258.972
-27.2417,-263.144
-27.5814,-267.311
-27.9211,-271.473
-28.2608,-275.629
-28.6005,-279.78
-28.9402,-283.921
-29.2799,-288.054
-29.6196,-292.179
-29.9593,-296.3
-30.299,-300.416
-30.6387,-304.524
-30.9784,-308.629
-31.3181,-312.725
-31.6578,-316.817
-31.9975,-320.902
-32.3372,-324.981
-32.6769,-329.055
-33.0166,-333.122
-33.3563,-337.183
-33.696,-341.238
-34.0357,-345.279
-34.3754,-349.313
-34.7151,-353.341
-35.0548,-357.362
-35.3945,-361.376
-35.7342,-365.381
-36.0739,-369.38
-36.4136,-373.372
-36.7533,-377.353
-37.093,-381.33
-37.4327,-385.296
-37.7724,-389.256
-38.1121,-393.209
-38.4518,-397.153
-38.7915,-401.092
-39.1312,-405.02
-39.4709,-408.942
-39.8106,-412.851
-40.1503,-416.749
-40.49,-420.642
-40.8297,-424.524
-41.1694,-428.394
-41.5091,-432.255
-41.8488,-436.105
-42.1885,-439.951
-42.5282,-443.784
-42.8679,-447.611
-43.2076,-451.429
-43.5473,-455.237
-43.887,-459.041
-44.2267,-462.829
-44.5664,-466.612
-44.9061,-470.386
-45.2458,-474.149
-45.5855,-477.906
-45.9252,-481.65
-46.2649,-485.384
-46.6046,-489.106
-46.9443,-492.816
-47.284,-496.52
-47.6237,-500.211
-47.9634,-503.894
-48.3031,-507.562
-48.6428,-511.216
-48.9825,-514.856
-49.3222,-518.478
-49.6619,-522.082
-50.0016,-525.664
-50.3413,-529.209
-50.681,-532.693
-51.0207,-536.063
-50.5893,-528.602
-50.158,-521.199
-49.7267,-513.764
-49.2954,-506.283
-48.864,-498.763
-48.4327,-491.207
-48.0014,-483.619
-47.57,-476.005
-47.1387,-468.366
-46.7074,-460.704
-46.2761,-453.021
-45.8447,-445.318
-45.4134,-437.594
-44.9821,-429.85
-44.5508,-422.093
-44.1194,-414.323
-43.6881,-406.542
-43.2568,-398.754
-42.8255,-390.952
-42.3941,-383.139
-41.9628,-375.321
-41.5315,-367.502
-41.1001,-359.682
-40.6688,-351.859
-40.2375,-344.041
-39.8062,-336.23
-39.3748,-328.424
-38.9435,-320.629
-38.5122,-312.846
-38.0809,-305.077
-37.6495,-297.318
-37.2182,-289.575
-36.7869,-281.848
-36.3556,-274.14
-35.9242,-266.452
-35.4929,-258.786
-35.0616,-251.142
-34.6302,-243.52
-34.1989,-235.921
-33.7676,-228.346
-33.3363,-220.795
-32.9049,-213.27
-32.4736,-205.77
-32.0423,-198.296
-31.611,-190.849
-31.1796,-183.427
-30.7483,-176.028
-30.317,-168.656
-29.8857,-161.313
-29.4543,-153.999
-29.023,-146.718
-28.5917,-139.475
-28.1603,-132.269
-27.729,-125.097
-27.2977,-117.957
-26.8664,-110.849
-26.435,-103.778
-26.0037,-96.7451
-25.5724,-89.744
-25.1411,-82.7806
-24.7097,-75.8553
-24.2784,-68.966
-23.8471,-62.1121
-23.4158,-55.293
-22.9844,-48.5081
-22.5531,-41.7567
-22.1218,-35.0383
-21.6904,-28.3521
-21.2591,-21.6941
-20.8278,-15.0606
-20.3965,-8.45749
-19.9651,-1.88414
-19.5338,4.60672
-19.1025,10.7336
-18.6712,16.4747
-18.2398,21.8581
-17.8085,26.8865
-17.3772,31.6001
-16.9459,35.9971
-16.5145,40.0907
-16.0832,43.8994
-15.6519,47.4383
-15.2205,50.7221
-14.7892,53.7511
-14.3579,56.56
-13.9266,59.1614
-13.4952,61.5406
-13.0639,63.7399
-12.6326,65.8798
-12.2013,67.989
-11.7699,70.0781
-11.3386,72.1439
-10.9073,74.1814
-10.476,76.1914
-10.0446,78.1747
-9.6133,80.1401
-9.18197,82.0895
-8.75064,84.0143
-8.31932,85.9152
-7.88799,87.7928
-7.45666,89.667
-7.02534,91.5194
-6.59401,93.3504
-6.16268,95.1616
-5.73136,96.9732
-5.30003,98.7648
-4.8687,100.537
-4.43738,102.303
-4.00605,104.049
-3.57472,105.735
-3.1434,107.365
-2.71207,108.963
-2.28074,110.515
-1.84942,112.023
-1.41809,113.5
-0.986764,114.942
-0.555437,116.354
-0.124111,117.738
0.307216,119.098
0.738543,120.434
1.16987,121.75
1.6012,123.045
2.03252,124.328
2.46385,125.597
2.89518,126.858
3.3265,128.11
3.75783,129.36
4.18916,130.603
4.62048,131.85
5.05181,133.097
5.48314,134.352
5.91446,135.617
6.34579,136.883
6.77712,138.173
7.20844,139.483
7.63977,140.797
8.0711,142.14
8.50242,143.474
8.93375,144.788
9.36508,146.081
9.7964,147.367
10.2277,148.644
10.6591,149.893
11.0904,151.133
11.5217,152.367
11.953,153.591
12.3844,154.791
12.8157,155.984
13.247,157.17
13.6783,158.35
14.1097,159.512
14.541,160.661
14.9723,161.805
15.4036,162.943
15.835,164.075
16.2663,165.193
16.6976,166.298
17.129,167.399
17.5603,168.551
17.9916,169.892
18.4229,171.426
18.8543,173.166
19.2856,175.136
19.7169,177.347
20.1482,179.818
20.5796,182.576
21.0109,185.63
21.4422,188.993
21.8735,192.699
22.3049,196.747
22.7362,201.174
23.1675,206
23.5989,211.195
24.0302,216.429
24.4615,221.658
24.8928,226.883
25.3242,232.1
25.7555,237.3
26.1868,242.493
26.6181,247.678
27.0495,252.854
27.4808,258.023
27.9121,263.183
28.3434,268.333
28.7748,273.474
29.2061,278.608
29.6374,283.731
30.0688,288.838
30.5001,293.937
30.9314,299.029
31.3627,304.113
31.7941,309.186
32.2254,314.252
32.6567,319.309
33.088,324.355
33.5194,329.393
33.9507,334.423
34.382,339.443
34.8133,344.446
35.2447,349.438
35.676,354.42
36.1073,359.393
36.5387,364.352
36.97,369.302
37.4013,374.242
37.8326,379.169
38.264,384.084
38.6953,388.988
39.1266,393.881
39.5579,398.765
39.9893,403.635
40.4206,408.493
40.8519,413.333
41.2832,418.161
41.7146,422.975
42.1459,427.776
42.5772,432.568
43.0086,437.346
43.4399,442.112
43.8712,446.858
44.3025,451.591
44.7339,456.313
45.1652,461.019
45.5965,465.712
46.0278,470.393
46.4592,475.062
46.8905,479.715
47.3218,484.356
47.7531,488.978
48.1845,493.586
48.6158,498.178
49.0471,502.756
49.4785,507.32
49.9098,511.867
50.3411,516.4
50.7724,520.913
51.2038,525.401
51.6351,529.825
52.0664,530.562
52.4977,529.988
52.9291,524.464
53.3604,523.899
53.7917,523.334
54.223,517.993
54.6544,517.431
55.0857,516.875
55.517,511.719
55.9484,511.162
56.3797,510.614
56.811,510.069
57.2423,505.104
57.6737,504.573
58.105,504.044
58.5363,499.269
58.9676,498.755
59.399,498.247
59.8303,497.75
60.2616,497.266
60.6929,492.735
61.1243,492.285
61.5556,491.824
61.9869,491.348
62.4183,486.987
62.8496,486.522
63.2809,486.062
63.7122,485.608
64.1436,485.16
64.5749,481.006
65.0062,480.572
64.5764,471.568
64.1465,464.41
63.7166,457.23
63.2868,450.023
62.8569,442.801
62.4271,435.57
61.9972,428.331
61.5673,421.085
61.1375,413.834
60.7076,406.58
60.2778,399.325
59.8479,392.074
59.418,384.828
58.9882,377.589
58.5583,370.359
58.1285,363.139
57.6986,355.93
57.2687,348.735
56.8389,341.558
56.409,334.401
55.9792,327.264
55.5493,320.153
55.1194,313.069
54.6896,306.011
54.2597,298.982
53.8299,291.982
53.4,285.015
52.9701,278.081
52.5403,271.181
52.1104,264.316
51.6806,257.488
51.2507,250.699
50.8208,243.948
50.391,237.235
49.9611,230.561
49.5313,223.927
49.1014,217.334
48.6715,210.784
48.2417,204.276
47.8118,197.808
47.382,191.383
46.9521,185
46.5222,178.663
46.0924,172.37
45.6625,166.122
45.2327,159.918
44.8028,153.755
44.3729,147.634
43.9431,141.557
43.5132,135.525
43.0834,129.537
42.6535,123.589
42.2236,117.684
41.7938,111.822
41.3639,106.002
40.9341,100.224
40.5042,94.4863
40.0743,88.7888
39.6445,83.1305
39.2146,77.5104
38.7848,71.9278
38.3549,66.3819
37.925,60.8749
37.4952,55.4052
37.0653,49.9699
36.6355,44.5681
36.2056,39.1992
35.7757,33.8623
35.3459,28.5567
34.916,23.2817
34.4862,18.0325
34.0563,12.8097
33.6264,7.61513
33.1966,2.44813
32.7667,-2.69201
32.3369,-7.80598
31.907,-12.8944
31.4771,-17.958
31.0473,-22.9974
30.6174,-28.0131
30.1876,-33.0059
29.7577,-37.7642
29.3278,-42.1562
28.898,-46.203
28.4681,-49.929
28.0383,-53.3628
27.6084,-56.5017
27.1785,-59.3737
26.7487,-61.9926
26.3188,-64.3711
25.889,-66.5222
25.4591,-68.4599
25.0292,-70.1987
24.5994,-71.7538
24.1695,-73.1231
23.7397,-74.4182
23.3098,-75.6921
22.8799,-76.9542
22.4501,-78.1963
22.0202,-79.4188
21.5904,-80.6223
21.1605,-81.8073
20.7306,-82.9744
20.3008,-84.1241
19.8709,-85.2569
19.4411,-86.3732
19.0112,-87.4785
18.5813,-88.5747
18.1515,-89.6557
17.7216,-90.7222
17.2918,-91.7744
16.8619,-92.8127
16.432,-93.8377
16.0022,-94.8495
15.5723,-95.8581
15.1425,-96.8582
14.7126,-97.8463
14.2827,-98.8227
13.8529,-99.7877
13.423,-100.742
12.9932,-101.689
12.5633,-102.638
12.1334,-103.576
11.7036,-104.502
11.2737,-105.418
10.8439,-106.324
10.414,-107.237
9.98414,-108.144
9.55428,-109.042
9.12442,-109.932
8.69456,-110.818
8.2647,-111.711
7.83484,-112.597
7.40498,-113.476
6.97512,-114.349
6.54526,-115.235
6.1154,-116.115
5.68554,-116.988
5.25568,-117.859
4.82582,-118.714
4.39596,-119.563
3.9661,-120.394
3.53624,-121.23
3.10638,-122.061
2.67652,-122.869
2.24666,-123.691
1.8168,-124.506
1.38694,-125.311
0.957076,-126.123
0.527216,-126.935
0.097356,-127.749
-0.332504,-128.557
-0.762364,-129.389
-1.19222,-130.21
-1.62208,-131.045
-2.05194,-131.886
-2.4818,-132.752
-2.91166,-133.605
-3.34152,-134.49
-3.77138,-135.382
-4.20124,-136.308
-4.6311,-137.234
-5.06096,-138.18
-5.49082,-139.166
-5.92068,-140.174
-6.35054,-141.198
-6.7804,-142.263
-7.21026,-143.359
-7.64012,-144.49
-8.06998,-145.657
-8.49984,-146.81
-8.9297,-147.956
-9.35956,-149.099
-9.78942,-150.24
-10.2193,-151.379
-10.6491,-152.512
-11.079,-153.632
-11.5089,-154.75
-11.9387,-155.866
-12.3686,-156.979
-12.7984,-158.09
-13.2283,-159.199
-13.6582,-160.296
-14.088,-161.389
-14.5179,-162.48
-14.9477,-163.569
-15.3776,-164.656
-15.8075,-165.741
-16.2373,-166.825
-16.6672,-167.913
-17.097,-169.154
-17.5269,-170.585
-17.9568,-172.219
-18.3866,-174.078
-18.8165,-176.176
-19.2463,-178.522
-19.6762,-181.135
-20.1061,-184.036
-20.5359,-187.237
-20.9658,-190.746
-21.3956,-194.599
-21.8255,-198.804
-22.2554,-203.394
-22.6852,-208.383
-23.1151,-213.664
-23.5449,-218.952
-23.9748,-224.235
-24.4047,-229.51
-24.8345,-234.777
-25.2644,-240.03
-25.6942,-245.275
-26.1241,-250.514
-26.554,-255.744
-26.9838,-260.968
-27.4137,-266.185
-27.8435,-271.395
-28.2734,-276.597
-28.7033,-281.787
-29.1331,-286.969
-29.563,-292.142
-29.9928,-297.306
-30.4227,-302.46
-30.8526,-307.602
-31.2824,-312.735
-31.7123,-317.86
-32.1421,-322.977
-32.572,-328.086
-33.0019,-333.184
-33.4317,-338.272
-33.8616,-343.351
-34.2914,-348.42
-34.7213,-353.48
-35.1512,-358.53
-35.581,-363.568
-36.0109,-368.595
-36.4407,-373.613
-36.8706,-378.613
-37.3005,-383.601
-37.7303,-388.578
-38.1602,-393.544
-38.59,-398.495
-39.0199,-403.434
-39.4498,-408.363
-39.8796,-413.28
-40.3095,-418.184
-40.7393,-423.075
-41.1692,-427.953
-41.5991,-432.818
-42.0289,-437.662
-42.4588,-442.494
-42.8886,-447.313
-43.3185,-452.12
-43.7484,-456.914
-44.1782,-461.688
-44.6081,-466.448
-45.0379,-471.193
-45.4678,-475.926
-45.8977,-480.64
-46.3275,-485.341
-46.7574,-490.029
-47.1872,-494.703
-47.6171,-499.358
-48.047,-504
-48.4768,-508.625
-48.9067,-513.228
-49.3365,-517.808
-49.7664,-522.364
-50.1963,-526.895
-50.6261,-531.397
-51.056,-535.687
-51.4858,-535.704
-51.9157,-530.073
-52.3456,-529.541
-52.7754,-529.01
-53.2053,-523.534
-53.6351,-523.014
-54.065,-517.728
-54.4949,-517.22
-54.9247,-516.715
-55.3546,-516.212
-55.7844,-511.128
-56.2143,-510.639
-56.6442,-510.155
-57.074,-505.25
-57.5039,-504.767
-57.9337,-504.289
-58.3636,-503.814
-58.7935,-499.105
-59.2233,-498.644
-59.6532,-498.188
-60.083,-497.739
-60.5129,-493.234
-60.9428,-492.801
-61.3726,-492.375
-61.8025,-491.928
-62.2323,-491.462
-62.6622,-487.101
-63.0921,-486.636
-63.5219,-486.176
-63.9518,-485.722
-64.3816,-485.273
-64.8115,-481.118
-64.376,-470.507
-63.9406,-463.417
-63.5051,-456.313
-63.0696,-449.193
-62.6341,-442.058
-62.1987,-434.902
-61.7632,-427.735
-61.3277,-420.559
-60.8922,-413.376
-60.4568,-406.19
-60.0213,-399.002
-59.5858,-391.815
-59.1504,-384.629
-58.7149,-377.448
-58.2794,-370.273
-57.8439,-363.106
-57.4085,-355.949
-56.973,-348.803
-56.5375,-341.675
-56.102,-334.564
-55.6666,-327.471
-55.2311,-320.402
-54.7956,-313.356
-54.3601,-306.338
-53.9247,-299.347
-53.4892,-292.385
-53.0537,-285.453
-52.6183,-278.552
-52.1828,-271.683
-51.7473,-264.849
-51.3118,-258.049
-50.8764,-251.283
-50.4409,-244.551
-50.0054,-237.855
-49.5699,-231.197
-49.1345,-224.577
-48.699,-217.996
-48.2635,-211.453
-47.828,-204.95
-47.3926,-198.486
-46.9571,-192.062
-46.5216,-185.676
-46.0862,-179.33
-45.6507,-173.026
-45.2152,-166.764
-44.7797,-160.545
-44.3443,-154.369
-43.9088,-148.236
-43.4733,-142.143
-43.0378,-136.09
-42.6024,-130.078
-42.1669,-124.107
-41.7314,-118.178
-41.2959,-112.29
-40.8605,-106.444
-40.425,-100.639
-39.9895,-94.8725
-39.5541,-89.1453
-39.1186,-83.4564
-38.6831,-77.8026
-38.2476,-72.1831
-37.8122,-66.5994
-37.3767,-61.0508
-36.9412,-55.5365
-36.5057,-50.0557
-36.0703,-44.6076
-35.6348,-39.1916
-35.1993,-33.8068
-34.7638,-28.4525
-34.3284,-23.1281
-33.8929,-17.8328
-33.4574,-12.5658
-33.022,-7.32671
-32.5865,-2.11466
-32.151,3.07102
-31.7155,8.23099
-31.2801,13.3659
-30.8446,18.4763
-30.4091,23.563
-29.9736,28.6038
-29.5382,33.3276
-29.1027,37.6813
-28.6672,41.6877
-28.2317,45.3706
-27.7963,48.7467
-27.3608,51.8335
-26.9253,54.6452
-26.4899,57.2033
-26.0544,59.5207
-25.6189,61.6111
-25.1834,63.489
-24.748,65.1694
-24.3125,66.6552
-23.877,67.9853
-23.4415,69.2823
-23.0061,70.5621
-22.5706,71.8207
-22.1351,73.0588
-21.6996,74.2769
-21.2642,75.4756
-20.8287,76.6554
-20.3932,77.8185
-19.9578,78.9663
-19.5223,80.0968
-19.0868,81.2106
-18.6513,82.3081
-18.2159,83.3898
-17.7804,84.4641
-17.3449,85.5235
-16.9094,86.5683
-16.474,87.5989
-16.0385,88.6158
-15.603,89.6193
-15.1675,90.6097
-14.7321,91.5875
-14.2966,92.5529
-13.8611,93.5094
-13.4257,94.4609
-12.9902,95.4012
-12.5547,96.3305
-12.1192,97.2492
-11.6838,98.1576
-11.2483,99.0559
-10.8128,99.9444
-10.3773,100.827
-9.94186,101.709
-9.50639,102.581
-9.07092,103.444
-8.63544,104.299
-8.19997,105.145
-7.7645,105.983
-7.32902,106.822
-6.89355,107.658
-6.45808,108.486
-6.0226,109.307
-5.58713,110.121
-5.15166,110.927
-4.71618,111.712
-4.28071,112.491
-3.84524,113.25
-3.40976,113.99
-2.97429,114.723
-2.53882,115.443
-2.10334,116.155
-1.66787,116.862
-1.2324,117.54
-0.796924,118.219
-0.361451,118.902
0.0740227,119.563
0.509496,120.214
0.944969,120.867
1.38044,121.519
1.81592,122.155
2.25139,122.785
2.68686,123.426
3.12234,124.055
3.55781,124.675
3.99328,125.297
4.42876,125.931
4.86423,126.55
5.2997,127.164
5.73518,127.79
6.17065,128.412
6.60612,129.037
7.0416,129.662
7.47707,130.284
7.91254,130.92
8.34802,131.564
8.78349,132.206
9.21896,132.858
9.65444,133.507
10.0899,134.153
10.5254,134.796
10.9609,135.437
11.3963,136.071
11.8318,136.693
12.2673,137.313
12.7027,137.93
13.1382,138.545
13.5737,139.157
14.0092,139.767
14.4446,140.369
14.8801,140.963
15.3156,141.555
15.7511,142.144
16.1865,142.732
16.622,143.317
17.0575,143.9
17.493,144.482
17.9284,145.056
18.3639,145.624
18.7994,146.19
19.2348,146.754
19.6703,147.316
20.1058,147.877
20.5413,148.436
20.9767,148.994
21.4122,149.55
21.8477,150.104
22.2832,150.65
22.7186,151.192
23.1541,151.734
23.5896,152.273
24.0251,152.812
24.4605,153.349
24.896,153.885
25.3315,154.419
25.7669,154.953
26.2024,155.485
26.6379,156.016
27.0734,156.545
27.5088,157.071
27.9443,157.689
28.3798,158.478
28.8153,159.458
29.2507,160.641
29.6862,162.038
30.1217,163.671
30.5572,165.554
30.9926,167.697
31.4281,170.134
31.8636,172.872
32.299,175.94
32.7345,179.362
33.17,183.162
33.6055,187.276
34.0409,191.413
34.4764,195.544
34.9119,199.673
35.3474,203.802
35.7828,207.929
36.2183,212.055
36.6538,216.176
37.0893,220.296
37.5247,224.413
37.9602,228.528
38.3957,232.642
38.8311,236.754
39.2666,240.865
39.7021,244.974
40.1376,249.082
40.573,253.187
41.0085,257.29
41.444,261.387
41.8795,265.479
42.3149,269.567
42.7504,273.647
43.1859,277.724
43.6214,281.799
44.0568,285.87
44.4923,289.938
44.9278,294.003
45.3632,298.064
45.7987,302.123
46.2342,306.177
46.6697,310.228
47.1051,314.275
47.5406,318.32
47.9761,322.361
48.4116,326.399
48.847,330.433
49.2825,334.464
49.718,338.492
50.1535,342.514
50.5889,346.535
51.0244,350.55
51.4599,354.561
51.8953,358.567
52.3308,362.567
52.7663,366.564
53.2018,370.553
53.6372,374.537
54.0727,378.515
54.5082,382.491
54.9437,386.461
55.3791,390.428
55.8146,394.39
56.2501,398.348
56.6856,402.301
57.121,406.25
57.5565,410.194
57.992,414.135
58.4274,418.07
58.8629,422
59.2984,425.924
59.7339,429.843
60.1693,433.759
60.6048,437.669
61.0403,441.576
61.4758,445.476
61.9112,449.373
62.3467,453.264
62.7822,457.148
63.2177,461.027
63.6531,464.899
64.0886,468.762
64.5241,472.599
64.9595,475.259
65.395,474.84
64.9696,466.367
64.5442,459.432
64.1188,452.481
63.6934,445.515
63.268,438.537
62.8426,431.547
62.4172,424.548
61.9918,417.542
61.5664,410.531
61.141,403.519
60.7156,396.506
60.2902,389.494
59.8648,382.486
59.4394,375.484
59.014,368.489
58.5886,361.503
58.1632,354.524
57.7378,347.559
57.3124,340.611
56.887,333.68
56.4616,326.768
56.0362,319.88
55.6108,313.015
55.1854,306.175
54.76,299.362
54.3346,292.578
53.9092,285.824
53.4838,279.099
53.0584,272.406
52.633,265.745
52.2076,259.12
51.7822,252.528
51.3568,245.971
50.9314,239.446
50.506,232.958
50.0806,226.506
49.6552,220.092
49.2298,213.714
48.8044,207.375
48.379,201.074
47.9536,194.811
47.5282,188.589
47.1028,182.41
46.6774,176.272
46.252,170.175
45.8266,164.118
45.4012,158.099
44.9758,152.117
44.5504,146.179
44.125,140.282
43.6996,134.428
43.2742,128.614
42.8488,122.838
42.4234,117.103
41.998,111.408
41.5726,105.753
41.1472,100.136
40.7218,94.5563
40.2964,89.0142
39.871,83.5085
39.4456,78.0384
39.0202,72.6009
38.5948,67.1957
38.1694,61.824
37.744,56.485
37.3186,51.1782
36.8932,45.9027
36.4678,40.6578
36.0424,35.4429
35.617,30.2574
35.1916,25.1004
34.7662,19.9713
34.3408,14.8696
33.9154,9.79448
33.49,4.74538
33.0646,-0.278351
32.6392,-5.27731
32.2138,-10.2521
31.7884,-15.2033
31.363,-20.1316
30.9376,-25.0374
30.5122,-29.9072
30.0868,-34.4996
29.6614,-38.7412
29.236,-42.653
28.8106,-46.2515
28.3852,-49.5543
27.9598,-52.581
27.5344,-55.3501
27.109,-57.8724
26.6836,-60.1607
26.2582,-62.2313
25.8328,-64.0932
25.4074,-65.7627
24.982,-67.2547
24.5566,-68.5714
24.1312,-69.8202
23.7058,-71.0499
23.2804,-72.2645
22.855,-73.4597
22.4296,-74.6359
22.0042,-75.7938
21.5788,-76.9339
21.1534,-78.0566
20.728,-79.1625
20.3026,-80.252
19.8772,-81.3255
19.4518,-82.3836
19.0264,-83.4266
18.601,-84.4549
18.1756,-85.4739
17.7502,-86.4826
17.3248,-87.4777
16.8994,-88.4598
16.474,-89.4291
16.0486,-90.386
15.6232,-91.3308
15.1978,-92.2639
14.7724,-93.1855
14.347,-94.0961
13.9216,-95.0011
13.4962,-95.8997
13.0708,-96.788
12.6454,-97.6662
12.22,-98.5347
11.7946,-99.3937
11.3692,-100.243
10.9438,-101.084
10.5184,-101.92
10.093,-102.754
9.66762,-103.58
9.24222,-104.398
8.81682,-105.208
8.39142,-106.01
7.96602,-106.804
7.54062,-107.597
7.11522,-108.389
6.68982,-109.175
6.26442,-109.954
5.83902,-110.727
5.41362,-111.484
4.98822,-112.224
4.56282,-112.964
4.13742,-113.68
3.71202,-114.382
3.28662,-115.077
2.86122,-115.752
2.43582,-116.428
2.01042,-117.099
1.58502,-117.745
1.15962,-118.385
0.734223,-119.033
0.308823,-119.666
-0.116577,-120.287
-0.541977,-120.904
-0.967377,-121.524
-1.39278,-122.131
-1.81818,-122.733
-2.24358,-123.331
-2.66898,-123.936
-3.09438,-124.528
-3.51978,-125.116
-3.94518,-125.71
-4.37058,-126.309
-4.79598,-126.891
-5.22138,-127.476
-5.64678,-128.072
-6.07218,-128.663
-6.49758,-129.252
-6.92298,-129.848
-7.34838,-130.44
-7.77378,-131.045
-8.19918,-131.659
-8.62458,-132.265
-9.04998,-132.888
-9.47538,-133.508
-9.90078,-134.125
-10.3262,-134.739
-10.7516,-135.351
-11.177,-135.956
-11.6024,-136.55
-12.0278,-137.142
-12.4532,-137.731
-12.8786,-138.318
-13.304,-138.903
-13.7294,-139.485
-14.1548,-140.061
-14.5802,-140.628
-15.0056,-141.193
-15.431,-141.756
-15.8564,-142.317
-16.2818,-142.875
-16.7072,-143.432
-17.1326,-143.987
-17.558,-144.539
-17.9834,-145.081
-18.4088,-145.621
-18.8342,-146.159
-19.2596,-146.696
-19.685,-147.231
-20.1104,-147.764
-20.5358,-148.296
-20.9612,-148.826
-21.3866,-149.355
-21.812,-149.88
-22.2374,-150.397
-22.6628,-150.913
-23.0882,-151.427
-23.5136,-151.94
-23.939,-152.451
-24.3644,-152.961
-24.7898,-153.47
-25.2152,-153.978
-25.6406,-154.484
-26.066,-154.989
-26.4914,-155.493
-26.9168,-155.996
-27.3422,-156.493
-27.7676,-157.081
-28.193,-157.832
-28.6184,-158.771
-29.0438,-159.899
-29.4692,-161.232
-29.8946,-162.784
-30.32,-164.573
-30.7454,-166.621
-31.1708,-168.933
-31.5962,-171.541
-32.0216,-174.456
-32.447,-177.702
-32.8724,-181.304
-33.2978,-185.261
-33.7232,-189.305
-34.1486,-193.342
-34.574,-197.378
-34.9994,-201.41
-35.4248,-205.44
-35.8502,-209.467
-36.2756,-213.491
-36.701,-217.513
-37.1264,-221.533
-37.5518,-225.552
-37.9772,-229.569
-38.4026,-233.584
-38.828,-237.598
-39.2534,-241.607
-39.6788,-245.615
-40.1042,-249.618
-40.5296,-253.618
-40.955,-257.615
-41.3804,-261.609
-41.8058,-265.599
-42.2312,-269.584
-42.6566,-273.562
-43.082,-277.539
-43.5074,-281.512
-43.9328,-285.481
-44.3582,-289.447
-44.7836,-293.409
-45.209,-297.37
-45.6344,-301.325
-46.0598,-305.278
-46.4852,-309.226
-46.9106,-313.172
-47.336,-317.113
-47.7614,-321.052
-48.1868,-324.986
-48.6122,-328.917
-49.0376,-332.845
-49.463,-336.768
-49.8884,-340.688
-50.3138,-344.602
-50.7392,-348.513
-51.1646,-352.42
-51.59,-356.322
-52.0154,-360.22
-52.4408,-364.113
-52.8662,-367.999
-53.2916,-371.878
-53.717,-375.753
-54.1424,-379.623
-54.5678,-383.489
-54.9932,-387.35
-55.4186,-391.206
-55.844,-395.058
-56.2694,-398.905
-56.6948,-402.747
-57.1202,-406.584
-57.5456,-410.416
-57.971,-414.244
-58.3964,-418.066
-58.8218,-421.884
-59.2472,-425.694
-59.6726,-429.5
-60.098,-433.295
-60.5234,-437.085
-60.9488,-440.87
-61.3742,-444.648
-61.7996,-448.421
-62.225,-452.187
-62.6504,-455.947
-63.0758,-459.695
-63.5012,-463.439
-63.9266,-467.177
-63.4091,-458.791
-62.8917,-450.378
-62.3743,-441.932
-61.8568,-433.467
-61.3394,-424.984
-60.822,-416.489
-60.3045,-407.982
-59.7871,-399.47
-59.2697,-390.956
-58.7522,-382.443
-58.2348,-373.933
-57.7174,-365.431
-57.1999,-356.94
-56.6825,-348.461
-56.1651,-340.004
-55.6476,-331.569
-55.1302,-323.161
-54.6128,-314.783
-54.0953,-306.439
-53.5779,-298.131
-53.0605,-289.861
-52.543,-281.632
-52.0256,-273.445
-51.5082,-265.303
-50.9907,-257.205
-50.4733,-249.152
-49.9559,-241.147
-49.4384,-233.193
-48.921,-225.291
-48.4036,-217.441
-47.8861,-209.643
-47.3687,-201.899
-46.8513,-194.208
-46.3338,-186.572
-45.8164,-178.991
-45.299,-171.47
-44.7815,-164.008
-44.2641,-156.604
-43.7467,-149.256
-43.2292,-141.965
-42.7118,-134.732
-42.1944,-127.558
-41.6769,-120.441
-41.1595,-113.382
-40.6421,-106.382
-40.1246,-99.4377
-39.6072,-92.5493
-39.0898,-85.7152
-38.5723,-78.9292
-38.0549,-72.1946
-37.5375,-65.5105
-37.02,-58.8757
-36.5026,-52.289
-35.9852,-45.7493
-35.4677,-39.2552
-34.9503,-32.8056
-34.4329,-26.3993
-33.9154,-20.0352
-33.398,-13.7122
-32.8806,-7.42898
-32.3631,-1.18461
-31.8457,5.02204
-31.3283,11.192
-30.8108,17.3264
-30.2934,23.4275
-29.776,29.3778
-29.2585,34.8154
-28.7411,39.7598
-28.2237,44.2362
-27.7062,48.2834
-27.1888,51.9304
-26.6714,55.195
-26.1539,58.1214
-25.6365,60.7124
-25.1191,63.0053
-24.6016,65.0174
-24.0842,66.7668
-23.5668,68.3752
-23.0493,69.9581
-22.5319,71.5095
-22.0145,73.0305
-21.497,74.5219
-20.9796,75.9849
-20.4622,77.4202
-19.9447,78.8288
-19.4273,80.2116
-18.9099,81.5694
-18.3924,82.903
-17.875,84.2195
-17.3576,85.5171
-16.8401,86.7926
-16.3227,88.047
-15.8053,89.2807
-15.2878,90.4945
-14.7704,91.6891
-14.253,92.8649
-13.7355,94.0266
-13.2181,95.1781
-12.7007,96.3126
-12.1832,97.4306
-11.6658,98.5326
-11.1484,99.6192
-10.6309,100.691
-10.1135,101.755
-9.59608,102.812
-9.07864,103.854
-8.56121,104.883
-8.04378,105.9
-7.52634,106.903
-7.00891,107.908
-6.49148,108.903
-5.97404,109.887
-5.45661,110.86
-4.93918,111.811
-4.42174,112.744
-3.90431,113.663
-3.38688,114.544
-2.86944,115.415
-2.35201,116.263
-1.83458,117.104
-1.31714,117.925
-0.799711,118.723
-0.282277,119.532
0.235156,120.312
0.752589,121.079
1.27002,121.85
1.78746,122.601
2.30489,123.344
2.82232,124.089
3.33976,124.823
3.85719,125.548
4.37462,126.279
4.89206,127.008
5.40949,127.718
5.92692,128.444
6.44436,129.168
6.96179,129.887
7.47922,130.612
7.99666,131.335
8.51409,132.082
9.03152,132.818
9.54896,133.571
10.0664,134.321
10.5838,135.065
11.1013,135.805
11.6187,136.534
12.1361,137.249
12.6536,137.961
13.171,138.668
13.6884,139.372
14.2059,140.071
14.7233,140.756
15.2407,141.434
15.7582,142.109
16.2756,142.78
16.793,143.447
17.3105,144.111
17.8279,144.772
18.3453,145.418
18.8628,146.061
19.3802,146.7
19.8976,147.337
20.4151,147.971
20.9325,148.602
21.4499,149.23
21.9674,149.855
22.4848,150.469
23.0022,151.079
23.5197,151.686
24.0371,152.29
24.5545,152.893
25.072,153.492
25.5894,154.09
26.1068,154.685
26.6243,155.278
27.1417,155.869
27.6591,156.454
28.1766,157.076
28.694,157.921
29.2114,159.025
29.7289,160.422
30.2463,162.119
30.7637,164.16
31.2812,166.562
31.7986,169.363
32.316,172.597
32.8335,176.299
33.3509,180.51
33.8683,185.241
34.3858,190.085
34.9032,194.924
35.4206,199.76
35.9381,204.595
36.4555,209.427
36.9729,214.256
37.4904,219.081
38.0078,223.901
38.5252,228.717
39.0427,233.531
39.5601,238.342
40.0775,243.151
40.595,247.956
41.1124,252.759
41.6298,257.557
42.1473,262.35
42.6647,267.135
43.1821,271.912
43.6996,276.685
44.217,281.454
44.7344,286.216
45.2519,290.975
45.7693,295.729
46.2867,300.476
46.8042,305.22
47.3216,309.96
47.839,314.693
48.3565,319.423
48.8739,324.147
49.3913,328.866
49.9088,333.58
50.4262,338.287
50.9436,342.989
51.4611,347.686
51.9785,352.375
52.4959,357.059
53.0134,361.737
53.5308,366.404
54.0482,371.063
54.5657,375.716
55.0831,380.362
55.6005,385.002
56.118,389.636
56.6354,394.263
57.1528,398.883
57.6703,403.496
58.1877,408.104
58.7051,412.703
59.2226,417.295
59.74,421.882
60.2574,426.453
60.7749,431.016
61.2923,435.573
61.8097,440.121
62.3272,444.66
62.8446,449.193
63.362,453.716
63.8795,458.23
64.3969,462.736
64.9143,467.233
65.4318,470.426
65.9492,469.921
66.4666,469.418
66.9841,465.401
67.5015,464.902
68.0189,464.395
68.5364,463.902
69.0538,463.426
69.5712,459.614
70.0887,459.165
70.6061,458.719
71.1235,458.276
71.641,457.842
72.1584,457.414
72.6758,453.82
73.1933,453.395
73.7107,452.976
74.2281,452.561
74.7456,452.153
75.263,451.75
75.7804,448.362
76.2979,447.976
76.8153,447.599
77.3327,447.233
77.8502,446.875
77.3292,437.109
76.8083,429.023
76.2873,420.927
75.7664,412.82
75.2455,404.709
74.7245,396.599
74.2036,388.49
73.6826,380.387
73.1617,372.294
72.6408,364.217
72.1198,356.156
71.5989,348.115
71.0779,340.101
70.557,332.114
70.0361,324.161
69.5151,316.246
68.9942,308.373
68.4732,300.544
67.9523,292.762
67.4314,285.029
66.9104,277.348
66.3895,269.72
65.8685,262.146
65.3476,254.63
64.8267,247.171
64.3057,239.772
63.7848,232.433
63.2638,225.156
62.7429,217.94
62.222,210.787
61.701,203.699
61.1801,196.678
60.6591,189.725
60.1382,182.838
59.6173,176.015
59.0963,169.255
58.5754,162.557
58.0544,155.926
57.5335,149.36
57.0126,142.859
56.4916,136.423
55.9707,130.05
55.4497,123.737
54.9288,117.485
54.4079,111.292
53.8869,105.156
53.366,99.0779
52.845,93.0561
52.3241,87.0893
51.8032,81.1761
51.2822,75.315
50.7613,69.5048
50.2403,63.7441
49.7194,58.0315
49.1985,52.3658
48.6775,46.7455
48.1566,41.1694
47.6356,35.6363
47.1147,30.1449
46.5938,24.6939
46.0728,19.2823
45.5519,13.9088
45.0309,8.57232
44.51,3.27173
43.9891,-1.99409
43.4681,-7.22619
42.9472,-12.4256
42.4262,-17.5926
41.9053,-22.7279
41.3844,-27.836
40.8634,-32.9179
40.3425,-37.9718
39.8215,-42.9987
39.3006,-47.8785
38.7797,-52.2938
38.2587,-56.2548
37.7378,-59.8051
37.2168,-62.9707
36.6959,-65.7797
36.175,-68.2626
35.654,-70.4482
35.1331,-72.3489
34.6121,-73.9922
34.0912,-75.3976
33.5703,-76.605
33.0493,-77.7645
32.5284,-78.9006
32.0074,-80.0139
31.4865,-81.1107
30.9656,-82.1868
30.4446,-83.2425
29.9237,-84.2784
29.4027,-85.2952
28.8818,-86.2935
28.3609,-87.2738
27.8399,-88.2369
27.319,-89.1832
26.798,-90.1132
26.2771,-91.0276
25.7562,-91.9268
25.2352,-92.8113
24.7143,-93.6816
24.1933,-94.5443
23.6724,-95.3951
23.1515,-96.233
22.6305,-97.0583
22.1096,-97.8715
21.5886,-98.673
21.0677,-99.463
20.5468,-100.242
20.0258,-101.01
19.5049,-101.768
18.9839,-102.518
18.463,-103.265
17.9421,-104.003
17.4211,-104.732
16.9002,-105.453
16.3792,-106.165
15.8583,-106.868
15.3374,-107.563
14.8164,-108.251
14.2955,-108.938
13.7745,-109.621
13.2536,-110.297
12.7327,-110.967
12.2117,-111.629
11.6908,-112.284
11.1698,-112.933
10.6489,-113.587
10.128,-114.236
9.60702,-114.88
9.08608,-115.518
8.56514,-116.151
8.0442,-116.777
7.52326,-117.414
7.00232,-118.046
6.48138,-118.649
5.96044,-119.244
5.4395,-119.834
4.91856,-120.425
4.39762,-121.001
3.87668,-121.573
3.35574,-122.141
2.8348,-122.699
2.31386,-123.258
1.79292,-123.813
1.27198,-124.362
0.751036,-124.913
0.230096,-125.462
-0.290844,-126.008
-0.811784,-126.561
-1.33272,-127.108
-1.85366,-127.65
-2.3746,-128.199
-2.89554,-128.76
-3.41648,-129.315
-3.93742,-129.87
-4.45836,-130.434
-4.9793,-130.995
-5.50024,-131.582
-6.02118,-132.167
-6.54212,-132.754
-7.06306,-133.352
-7.584,-133.956
-8.10494,-134.583
-8.62588,-135.212
-9.14682,-135.869
-9.66776,-136.514
-10.1887,-137.154
-10.7096,-137.792
-11.2306,-138.428
-11.7515,-139.062
-12.2725,-139.694
-12.7934,-140.324
-13.3143,-140.945
-13.8353,-141.56
-14.3562,-142.174
-14.8772,-142.787
-15.3981,-143.397
-15.919,-144.006
-16.44,-144.613
-16.9609,-145.218
-17.4819,-145.821
-18.0028,-146.414
-18.5237,-147.006
-19.0447,-147.597
-19.5656,-148.186
-20.0866,-148.773
-20.6075,-149.36
-21.1284,-149.944
-21.6494,-150.528
-22.1703,-151.11
-22.6913,-151.691
-23.2122,-152.268
-23.7331,-152.839
-24.2541,-153.409
-24.775,-153.979
-25.296,-154.547
-25.8169,-155.114
-26.3378,-155.68
-26.8588,-156.245
-27.3797,-156.809
-27.9007,-157.536
-28.4216,-158.52
-28.9425,-159.792
-29.4635,-161.362
-29.9844,-163.268
-30.5054,-165.526
-31.0263,-168.179
-31.5472,-171.262
-32.0682,-174.806
-32.5891,-178.853
-33.1101,-183.442
-33.631,-188.36
-34.1519,-193.275
-34.6729,-198.189
-35.1938,-203.1
-35.7148,-208.007
-36.2357,-212.909
-36.7566,-217.808
-37.2776,-222.705
-37.7985,-227.6
-38.3195,-232.493
-38.8404,-237.381
-39.3613,-242.262
-39.8823,-247.138
-40.4032,-252.009
-40.9242,-256.876
-41.4451,-261.739
-41.966,-266.596
-42.487,-271.449
-43.0079,-276.298
-43.5289,-281.142
-44.0498,-285.982
-44.5707,-290.818
-45.0917,-295.647
-45.6126,-300.472
-46.1336,-305.293
-46.6545,-310.108
-47.1754,-314.919
-47.6964,-319.724
-48.2173,-324.524
-48.7383,-329.319
-49.2592,-334.109
-49.7801,-338.891
-50.3011,-343.664
-50.822,-348.431
-51.343,-353.191
-51.8639,-357.946
-52.3848,-362.693
-52.9058,-367.433
-53.4267,-372.167
-53.9477,-376.895
-54.4686,-381.616
-54.9895,-386.33
-55.5105,-391.038
-56.0314,-395.739
-56.5524,-400.433
-57.0733,-405.12
-57.5942,-409.801
-58.1152,-414.474
-58.6361,-419.139
-59.1571,-423.799
-59.678,-428.448
-60.1989,-433.084
-60.7199,-437.712
-61.2408,-442.334
-61.7618,-446.945
-62.2827,-451.548
-62.8036,-456.143
-63.3246,-460.722
-63.8455,-465.293
-64.3665,-469.838
-64.8874,-471.268
-65.4083,-470.749
-65.9293,-470.235
-66.4502,-469.727
-66.9712,-465.699
-67.4921,-465.206
-68.013,-464.718
-68.534,-464.237
-69.0549,-463.761
-69.5759,-459.938
-70.0968,-459.472
-70.6177,-459.012
-71.1387,-458.557
-71.6596,-458.109
-72.1806,-457.667
-72.7015,-454.06
-73.2224,-453.633
-73.7434,-453.211
-74.2643,-452.796
-74.7853,-452.388
-75.3062,-451.985
-75.8271,-451.589
-76.3481,-448.204
-76.869,-447.824
-77.39,-447.443
-77.9109,-447.067
-78.4318,-446.699
-77.9147,-436.044
-77.3975,-428.196
-76.8803,-420.34
-76.3631,-412.473
-75.8459,-404.6
-75.3287,-396.726
-74.8115,-388.854
-74.2943,-380.988
-73.7771,-373.132
-73.2599,-365.288
-72.7427,-357.46
-72.2255,-349.648
-71.7083,-341.862
-71.1911,-334.1
-70.6739,-326.367
-70.1568,-318.669
-69.6396,-311.008
-69.1224,-303.387
-68.6052,-295.809
-68.088,-288.275
-67.5708,-280.788
-67.0536,-273.348
-66.5364,-265.957
-66.0192,-258.619
-65.502,-251.334
-64.9848,-244.103
-64.4676,-236.928
-63.9504,-229.808
-63.4332,-222.745
-62.916,-215.739
-62.3989,-208.791
-61.8817,-201.902
-61.3645,-195.07
-60.8473,-188.299
-60.3301,-181.59
-59.8129,-174.942
-59.2957,-168.355
-58.7785,-161.826
-58.2613,-155.354
-57.7441,-148.939
-57.2269,-142.586
-56.7097,-136.293
-56.1925,-130.057
-55.6753,-123.878
-55.1581,-117.756
-54.641,-111.689
-54.1238,-105.677
-53.6066,-99.7195
-53.0894,-93.8141
-52.5722,-87.96
-52.055,-82.1559
-51.5378,-76.4006
-51.0206,-70.6905
-50.5034,-65.0257
-49.9862,-59.4061
-49.469,-53.8305
-48.9518,-48.2977
-48.4346,-42.8066
-47.9174,-37.3559
-47.4002,-31.9447
-46.8831,-26.5717
-46.3659,-21.2361
-45.8487,-15.9367
-45.3315,-10.6724
-44.8143,-5.44222
-44.2971,-0.245196
-43.7799,4.91964
-43.2627,10.0532
-42.7455,15.1565
-42.2283,20.2303
-41.7111,25.2755
-41.1939,30.293
-40.6767,35.2839
-40.1595,40.2489
-39.6423,44.9812
-39.1252,49.2463
-38.608,53.0758
-38.0908,56.507
-37.5736,59.5733
-37.0564,62.3008
-36.5392,64.7136
-36.022,66.8314
-35.5048,68.681
-34.9876,70.283
-34.4704,71.6527
-33.9532,72.8422
-33.436,73.9981
-32.9188,75.1311
-32.4016,76.2417
-31.8844,77.3308
-31.3673,78.3991
-30.8501,79.4472
-30.3329,80.4757
-29.8157,81.4853
-29.2985,82.4765
-28.7813,83.45
-28.2641,84.4064
-27.7469,85.346
-27.2297,86.2741
-26.7125,87.1873
-26.1953,88.0854
-25.6781,88.9688
-25.1609,89.838
-24.6437,90.6935
-24.1265,91.5355
-23.6094,92.3646
-23.0922,93.1811
-22.575,93.9855
-22.0578,94.778
-21.5406,95.5591
-21.0234,96.329
-20.5062,97.0881
-19.989,97.8386
-19.4718,98.5839
-18.9546,99.3192
-18.4374,100.045
-17.9202,100.761
-17.403,101.469
-16.8858,102.167
-16.3686,102.857
-15.8515,103.539
-15.3343,104.213
-14.8171,104.878
-14.2999,105.537
-13.7827,106.196
-13.2655,106.848
-12.7483,107.493
-12.2311,108.131
-11.7139,108.762
-11.1967,109.387
-10.6795,110.005
-10.1623,110.618
-9.64513,111.227
-9.12794,111.837
-8.61074,112.442
-8.09355,113.042
-7.57636,113.632
-7.05916,114.212
-6.54197,114.769
-6.02478,115.321
-5.50758,115.879
-4.99039,116.415
-4.4732,116.945
-3.956,117.469
-3.43881,117.985
-2.92162,118.482
-2.40442,118.983
-1.88723,119.485
-1.37004,119.978
-0.852844,120.454
-0.335651,120.927
0.181543,121.399
0.698736,121.879
1.21593,122.34
1.73312,122.798
2.25032,123.252
2.76751,123.709
3.2847,124.171
3.8019,124.618
4.31909,125.061
4.83628,125.503
5.35348,125.959
5.87067,126.412
6.38786,126.854
6.90506,127.292
7.42225,127.744
7.93944,128.193
8.45664,128.639
8.97383,129.095
9.49102,129.554
10.0082,130.003
10.5254,130.457
11.0426,130.925
11.5598,131.392
12.077,131.857
12.5942,132.319
13.1114,132.78
13.6286,133.23
14.1458,133.676
14.663,134.121
15.1801,134.564
15.6973,135.005
16.2145,135.444
16.7317,135.881
17.2489,136.317
17.7661,136.751
18.2833,137.176
18.8005,137.598
19.3177,138.019
19.8349,138.438
20.3521,138.856
20.8693,139.272
21.3865,139.687
21.9037,140.1
22.4209,140.512
22.938,140.923
23.4552,141.332
23.9724,141.735
24.4896,142.135
25.0068,142.533
25.524,142.93
26.0412,143.327
26.5584,143.721
27.0756,144.115
27.5928,144.508
28.11,144.899
28.6272,145.29
29.1444,145.679
29.6616,146.068
30.1788,146.455
30.6959,146.841
31.2131,147.226
31.7303,147.605
32.2475,147.983
32.7647,148.36
33.2819,148.736
33.7991,149.112
34.3163,149.487
34.8335,149.86
35.3507,150.233
35.8679,150.605
36.3851,150.977
36.9023,151.347
37.4195,151.757
37.9367,152.364
38.4538,153.203
38.971,154.293
39.4882,155.65
40.0054,157.307
40.5226,159.291
41.0398,161.627
41.557,164.354
42.0742,167.496
42.5914,171.106
43.1086,175.122
43.6258,179.173
44.143,183.223
44.6602,187.273
45.1774,191.321
45.6946,195.368
46.2117,199.414
46.7289,203.458
47.2461,207.501
47.7633,211.543
48.2805,215.584
48.7977,219.625
49.3149,223.663
49.8321,227.699
50.3493,231.733
50.8665,235.764
51.3837,239.795
51.9009,243.823
52.4181,247.851
52.9353,251.877
53.4525,255.903
53.9696,259.926
54.4868,263.947
55.004,267.962
55.5212,271.975
56.0384,275.985
56.5556,279.993
57.0728,283.999
57.59,288
58.1072,291.997
58.6244,295.992
59.1416,299.985
59.6588,303.976
60.176,307.964
60.6932,311.95
61.2104,315.933
61.7275,319.915
62.2447,323.894
62.7619,327.871
63.2791,331.845
63.7963,335.817
64.3135,339.785
64.8307,343.751
65.3479,347.713
65.8651,351.674
66.3823,355.631
66.8995,359.586
67.4167,363.537
67.9339,367.486
68.4511,371.431
68.9683,375.374
69.4854,379.314
70.0026,383.251
70.5198,387.185
71.037,391.117
71.5542,395.045
72.0714,398.971
72.5886,402.889
73.1058,406.799
73.623,410.705
74.1402,414.609
74.6574,418.508
75.1746,422.404
75.6918,426.297
76.209,430.185
76.7262,434.072
77.2433,437.952
77.7605,441.605
77.2419,432.839
76.7233,424.961
76.2047,417.075
75.686,409.18
75.1674,401.282
74.6488,393.384
74.1302,385.489
73.6115,377.603
73.0929,369.726
72.5743,361.863
72.0556,354.015
71.537,346.187
71.0184,338.383
70.4998,330.607
69.9811,322.863
69.4625,315.154
68.9439,307.484
68.4253,299.854
67.9066,292.267
67.388,284.725
66.8694,277.231
66.3508,269.787
65.8321,262.393
65.3135,255.05
64.7949,247.76
64.2762,240.524
63.7576,233.344
63.239,226.22
62.7204,219.153
62.2017,212.143
61.6831,205.194
61.1645,198.306
60.6459,191.48
60.1272,184.715
59.6086,178.007
59.09,171.359
58.5714,164.768
58.0527,158.238
57.5341,151.768
57.0155,145.359
56.4968,139.01
55.9782,132.72
55.4596,126.486
54.941,120.308
54.4223,114.187
53.9037,108.12
53.3851,102.108
52.8665,96.1488
52.3478,90.2411
51.8292,84.3839
51.3106,78.5759
50.792,72.8127
50.2733,67.0961
49.7547,61.4252
49.2361,55.7986
48.7174,50.2153
48.1988,44.6742
47.6802,39.174
47.1616,33.7138
46.6429,28.2922
46.1243,22.9084
45.6057,17.5612
45.0871,12.2496
44.5684,6.97265
44.0498,1.72926
43.5312,-3.48148
43.0126,-8.66052
42.4939,-13.8088
41.9753,-18.9272
41.4567,-24.0165
40.938,-29.0777
40.4194,-34.1116
39.9008,-39.1189
39.3822,-44.001
38.8635,-48.4262
38.3449,-52.4026
37.8263,-55.9682
37.3077,-59.1571
36.789,-61.9928
36.2704,-64.5057
35.7518,-66.7141
35.2332,-68.6502
34.7145,-70.3207
34.1959,-71.7551
33.6773,-72.9816
33.1586,-74.1491
32.64,-75.2931
32.1214,-76.4143
31.6028,-77.5135
31.0841,-78.5913
30.5655,-79.6485
30.0469,-80.6856
29.5283,-81.7034
29.0096,-82.7024
28.491,-83.6832
27.9724,-84.6463
27.4538,-85.5932
26.9351,-86.528
26.4165,-87.4468
25.8979,-88.3501
25.3792,-89.2383
24.8606,-90.1119
24.342,-90.9713
23.8234,-91.817
23.3047,-92.6493
22.7861,-93.4687
22.2675,-94.2729
21.7489,-95.0647
21.2302,-95.8447
20.7116,-96.6132
20.193,-97.3705
19.6744,-98.121
19.1557,-98.8638
18.6371,-99.5964
18.1185,-100.319
17.5998,-101.032
17.0812,-101.736
16.5626,-102.431
16.044,-103.116
15.5253,-103.794
15.0067,-104.462
14.4881,-105.123
13.9695,-105.779
13.4508,-106.433
12.9322,-107.079
12.4136,-107.718
11.895,-108.349
11.3763,-108.974
10.8577,-109.592
10.3391,-110.204
9.82045,-110.809
9.30182,-111.414
8.7832,-112.017
8.26457,-112.614
7.74594,-113.205
7.22732,-113.791
6.70869,-114.363
6.19006,-114.914
5.67144,-115.462
5.15281,-116.015
4.63418,-116.541
4.11556,-117.063
3.59693,-117.581
3.0783,-118.085
2.55968,-118.575
2.04105,-119.071
1.52242,-119.564
1.0038,-120.045
0.485169,-120.512
-0.0334573,-120.976
-0.552084,-121.442
-1.07071,-121.91
-1.58934,-122.361
-2.10796,-122.808
-2.62659,-123.252
-3.14522,-123.703
-3.66384,-124.15
-4.18247,-124.586
-4.7011,-125.018
-5.21972,-125.454
-5.73835,-125.898
-6.25698,-126.339
-6.7756,-126.766
-7.29423,-127.196
-7.81286,-127.636
-8.33148,-128.073
-8.85011,-128.507
-9.36874,-128.956
-9.88736,-129.399
-10.406,-129.836
-10.9246,-130.282
-11.4432,-130.737
-11.9619,-131.191
-12.4805,-131.643
-12.9991,-132.093
-13.5178,-132.538
-14.0364,-132.973
-14.555,-133.407
-15.0736,-133.838
-15.5923,-134.267
-16.1109,-134.695
-16.6295,-135.12
-17.1481,-135.544
-17.6668,-135.966
-18.1854,-136.383
-18.704,-136.792
-19.2226,-137.201
-19.7413,-137.607
-20.2599,-138.012
-20.7785,-138.415
-21.2972,-138.816
-21.8158,-139.216
-22.3344,-139.615
-22.853,-140.012
-23.3717,-140.407
-23.8903,-140.8
-24.4089,-141.186
-24.9275,-141.57
-25.4462,-141.953
-25.9648,-142.335
-26.4834,-142.716
-27.002,-143.095
-27.5207,-143.472
-28.0393,-143.847
-28.5579,-144.222
-29.0766,-144.595
-29.5952,-144.968
-30.1138,-145.339
-30.6324,-145.709
-31.1511,-146.078
-31.6697,-146.442
-32.1883,-146.803
-32.7069,-147.164
-33.2256,-147.523
-33.7442,-147.882
-34.2628,-148.239
-34.7814,-148.596
-35.3001,-148.952
-35.8187,-149.307
-36.3373,-149.661
-36.856,-150.014
-37.3746,-150.366
-37.8932,-150.78
-38.4118,-151.408
-38.9305,-152.267
-39.4491,-153.373
-39.9677,-154.767
-40.4863,-156.458
-41.005,-158.48
-41.5236,-160.863
-42.0422,-163.633
-42.5608,-166.842
-43.0795,-170.518
-43.5981,-174.537
-44.1167,-178.564
-44.6354,-182.591
-45.154,-186.616
-45.6726,-190.639
-46.1912,-194.662
-46.7099,-198.684
-47.2285,-202.705
-47.7471,-206.724
-48.2657,-210.742
-48.7844,-214.756
-49.303,-218.769
-49.8216,-222.78
-50.3402,-226.789
-50.8589,-230.796
-51.3775,-234.803
-51.8961,-238.807
-52.4148,-242.811
-52.9334,-246.813
-53.452,-250.813
-53.9706,-254.81
-54.4893,-258.804
-55.0079,-262.793
-55.5265,-266.778
-56.0451,-270.761
-56.5638,-274.741
-57.0824,-278.72
-57.601,-282.694
-58.1196,-286.668
-58.6383,-290.638
-59.1569,-294.606
-59.6755,-298.571
-60.1942,-302.534
-60.7128,-306.494
-61.2314,-310.451
-61.75,-314.406
-62.2687,-318.357
-62.7873,-322.305
-63.3059,-326.25
-63.8245,-330.193
-64.3432,-334.132
-64.8618,-338.069
-65.3804,-342.001
-65.899,-345.931
-66.4177,-349.858
-66.9363,-353.782
-67.4549,-357.702
-67.9736,-361.619
-68.4922,-365.532
-69.0108,-369.441
-69.5294,-373.347
-70.0481,-377.249
-70.5667,-381.148
-71.0853,-385.043
-71.6039,-388.935
-72.1226,-392.823
-72.6412,-396.707
-73.1598,-400.585
-73.6784,-404.458
-74.1971,-408.328
-74.7157,-412.194
-75.2343,-416.056
-75.753,-419.914
-76.2716,-423.768
-76.7902,-427.618
-77.3088,-431.463
-77.8275,-435.304
-77.1961,-425.839
-76.5648,-416.348
-75.9334,-406.846
-75.302,-397.335
-74.6707,-387.824
-74.0393,-378.319
-73.408,-368.826
-72.7766,-359.352
-72.1453,-349.897
-71.5139,-340.474
-70.8826,-331.086
-70.2512,-321.742
-69.6199,-312.449
-68.9885,-303.212
-68.3572,-294.034
-67.7258,-284.92
-67.0945,-275.873
-66.4631,-266.896
-65.8317,-257.994
-65.2004,-249.167
-64.569,-240.419
-63.9377,-231.752
-63.3063,-223.167
-62.675,-214.664
-62.0436,-206.245
-61.4123,-197.91
-60.7809,-189.663
-60.1496,-181.507
-59.5182,-173.439
-58.8869,-165.458
-58.2555,-157.559
-57.6242,-149.746
-56.9928,-142.021
-56.3614,-134.384
-55.7301,-126.83
-55.0987,-119.359
-54.4674,-111.969
-53.836,-104.66
-53.2047,-97.4289
-52.5733,-90.2739
-51.942,-83.1926
-51.3106,-76.1812
-50.6793,-69.2368
-50.0479,-62.3597
-49.4166,-55.5478
-48.7852,-48.7991
-48.1539,-42.1114
-47.5225,-35.4827
-46.8911,-28.9111
-46.2598,-22.3947
-45.6284,-15.9315
-44.9971,-9.51982
-44.3657,-3.15776
-43.7344,3.15637
-43.103,9.42426
-42.4717,15.6475
-41.8403,21.8278
-41.209,27.9665
-40.5776,34.0651
-39.9463,40.0898
-39.3149,45.5484
-38.6836,50.3509
-38.0522,54.5505
-37.4208,58.21
-36.7895,61.3777
-36.1581,64.096
-35.5268,66.404
-34.8954,68.3433
-34.2641,69.9396
-33.6327,71.375
-33.0014,72.7755
-32.37,74.1425
-31.7387,75.4773
-31.1073,76.7811
-30.476,78.0551
-29.8446,79.3004
-29.2133,80.5181
-28.5819,81.7092
-27.9505,82.8747
-27.3192,84.0206
-26.6878,85.1443
-26.0565,86.2451
-25.4251,87.3239
-24.7938,88.3815
-24.1624,89.4187
-23.5311,90.4364
-22.8997,91.4357
-22.2684,92.4145
-21.637,93.3743
-21.0057,94.3169
-20.3743,95.2431
-19.743,96.1601
-19.1116,97.0634
-18.4802,97.9518
-17.8489,98.8259
-17.2175,99.6862
-16.5862,100.533
-15.9548,101.367
-15.3235,102.188
-14.6921,102.998
-14.0608,103.802
-13.4294,104.599
-12.7981,105.384
-12.1667,106.159
-11.5354,106.924
-10.904,107.679
-10.2727,108.425
-9.6413,109.165
-9.00994,109.904
-8.37859,110.634
-7.74724,111.356
-7.11588,112.069
-6.48453,112.746
-5.85318,113.42
-5.22182,114.088
-4.59047,114.732
-3.95912,115.368
-3.32776,115.989
-2.69641,116.589
-2.06506,117.198
-1.4337,117.797
-0.802351,118.371
-0.170997,118.94
0.460356,119.514
1.09171,120.078
1.72306,120.628
2.35442,121.172
2.98577,121.726
3.61712,122.269
4.24848,122.801
4.87983,123.332
5.51118,123.876
6.14254,124.415
6.77389,124.934
7.40524,125.473
8.0366,126.009
8.66795,126.542
9.2993,127.095
9.93066,127.633
10.562,128.175
11.1934,128.732
11.8247,129.285
12.4561,129.835
13.0874,130.382
13.7188,130.916
14.3501,131.444
14.9815,131.969
15.6128,132.491
16.2442,133.01
16.8755,133.526
17.5069,134.04
18.1382,134.546
18.7696,135.044
19.401,135.539
20.0323,136.032
20.6637,136.523
21.295,137.011
21.9264,137.496
22.5577,137.98
23.1891,138.461
23.8204,138.938
24.4518,139.407
25.0831,139.874
25.7145,140.338
26.3458,140.801
26.9772,141.262
27.6085,141.721
28.2399,142.177
28.8713,142.631
29.5026,143.084
30.134,143.534
30.7653,143.983
31.3967,144.429
32.028,144.868
32.6594,145.305
33.2907,145.741
33.9221,146.176
34.5534,146.609
35.1848,147.04
35.8161,147.47
36.4475,147.899
37.0788,148.327
37.7102,148.919
38.3416,149.846
38.9729,151.141
39.6043,152.842
40.2356,155.006
40.867,157.673
41.4983,160.908
42.1297,164.77
42.761,169.333
43.3924,174.257
44.0237,179.18
44.6551,184.101
45.2864,189.02
45.9178,193.937
46.5491,198.852
47.1805,203.766
47.8119,208.678
48.4432,213.588
49.0746,218.497
49.7059,223.403
50.3373,228.306
50.9686,233.205
51.6,238.101
52.2313,242.994
52.8627,247.886
53.494,252.776
54.1254,257.663
54.7567,262.545
55.3881,267.421
56.0194,272.294
56.6508,277.162
57.2822,282.027
57.9135,286.887
58.5449,291.744
59.1762,296.597
59.8076,301.446
60.4389,306.291
61.0703,311.131
61.7016,315.968
62.333,320.801
62.9643,325.628
63.5957,330.452
64.227,335.272
64.8584,340.085
65.4897,344.895
66.1211,349.7
66.7525,354.5
67.3838,359.296
68.0152,364.085
68.6465,368.869
69.2779,373.648
69.9092,378.422
70.5406,383.191
71.1719,387.954
71.8033,392.712
72.4346,397.464
73.066,402.207
73.6973,406.945
74.3287,411.676
74.96,416.402
75.5914,421.122
76.2228,425.836
76.8541,430.543
77.4855,435.244
78.1168,436.18
78.7482,435.671
79.3795,432.351
80.0109,431.844
80.6422,431.347
81.2736,430.86
81.9049,430.379
82.5363,429.91
83.1676,429.445
83.799,426.346
84.4303,425.9
85.0617,425.46
85.6931,425.027
86.3244,424.602
86.9558,424.184
87.5871,423.774
88.2185,423.362
88.8498,420.478
89.4812,420.074
90.1125,419.676
90.7439,419.285
91.3752,418.901
92.0066,418.525
92.6379,409.082
93.2693,399.775
93.9006,388.303
94.532,388.009
95.1634,378.987
94.5579,368.396
93.9525,360.085
93.3471,351.778
92.7416,343.482
92.1362,335.204
91.5308,326.948
90.9253,318.724
90.3199,310.537
89.7145,302.394
89.109,294.3
88.5036,286.258
87.8982,278.274
87.2927,270.353
86.6873,262.497
86.0819,254.711
85.4764,246.999
84.871,239.363
84.2656,231.805
83.6601,224.333
83.0547,216.946
82.4493,209.647
81.8438,202.437
81.2384,195.314
80.633,188.28
80.0275,181.335
79.4221,174.481
78.8167,167.719
78.2112,161.045
77.6058,154.462
77.0004,147.969
76.3949,141.566
75.7895,135.252
75.1841,129.024
74.5786,122.88
73.9732,116.82
73.3678,110.842
72.7623,104.946
72.1569,99.1281
71.5515,93.3873
70.946,87.7215
70.3406,82.1287
69.7352,76.6069
69.1297,71.1542
68.5243,65.7686
67.9189,60.4481
67.3134,55.1908
66.708,49.9947
66.1026,44.8581
65.4971,39.779
64.8917,34.7556
64.2863,29.7862
63.6808,24.869
63.0754,20.0022
62.47,15.1843
61.8645,10.4136
61.2591,5.68857
60.6537,1.00764
60.0482,-3.63066
59.4428,-8.22777
58.8374,-12.7851
58.2319,-17.304
57.6265,-21.7857
57.0211,-26.2316
56.4156,-30.6428
55.8102,-35.0206
55.2048,-39.3661
54.5993,-43.6839
53.9939,-47.9718
53.3885,-52.2306
52.783,-56.4613
52.1776,-60.6649
51.5722,-64.5812
50.9667,-67.9946
50.3613,-70.9539
49.7559,-73.5104
49.1504,-75.6953
48.545,-77.5491
47.9396,-79.0986
47.3341,-80.3719
46.7287,-81.4208
46.1233,-82.4186
45.5178,-83.3935
44.9124,-84.3462
44.307,-85.2776
43.7015,-86.1882
43.0961,-87.079
42.4907,-87.9505
41.8852,-88.8035
41.2798,-89.6385
40.6744,-90.4562
40.0689,-91.2571
39.4635,-92.0393
38.8581,-92.8092
38.2526,-93.5644
37.6472,-94.305
37.0418,-95.0315
36.4363,-95.7443
35.8309,-96.4439
35.2255,-97.1308
34.62,-97.8052
34.0146,-98.4677
33.4092,-99.1187
32.8037,-99.7584
32.1983,-100.387
31.5929,-101.006
30.9874,-101.614
30.382,-102.212
29.7766,-102.801
29.1711,-103.38
28.5657,-103.951
27.9603,-104.518
27.3548,-105.078
26.7494,-105.629
26.144,-106.172
25.5385,-106.708
24.9331,-107.236
24.3277,-107.757
23.7222,-108.27
23.1168,-108.777
22.5114,-109.277
21.9059,-109.771
21.3005,-110.258
20.6951,-110.74
20.0896,-111.223
19.4842,-111.7
18.8788,-112.172
18.2733,-112.639
17.6679,-113.1
17.0625,-113.556
16.457,-114.006
15.8516,-114.452
15.2462,-114.894
14.6407,-115.331
14.0353,-115.773
13.4299,-116.21
12.8244,-116.643
12.219,-117.072
11.6136,-117.497
11.0081,-117.918
10.4027,-118.335
9.79726,-118.752
9.19182,-119.174
8.58639,-119.591
7.98096,-120.005
7.37552,-120.401
6.77009,-120.792
6.16466,-121.181
5.55922,-121.578
4.95379,-121.97
4.34836,-122.348
3.74292,-122.723
3.13749,-123.096
2.53206,-123.472
1.92662,-123.854
1.32119,-124.222
0.715756,-124.586
0.110323,-124.948
-0.495111,-125.318
-1.10054,-125.692
-1.70598,-126.063
-2.31141,-126.423
-2.91684,-126.787
-3.52228,-127.16
-4.12771,-127.53
-4.73314,-127.899
-5.33858,-128.28
-5.94401,-128.666
-6.54944,-129.04
-7.15488,-129.42
-7.76031,-129.813
-8.36574,-130.204
-8.97118,-130.6
-9.57661,-131.012
-10.182,-131.422
-10.7875,-131.841
-11.3929,-132.269
-11.9983,-132.692
-12.6038,-133.114
-13.2092,-133.535
-13.8146,-133.954
-14.4201,-134.371
-15.0255,-134.787
-15.6309,-135.202
-16.2364,-135.616
-16.8418,-136.028
-17.4472,-136.435
-18.0527,-136.838
-18.6581,-137.24
-19.2635,-137.64
-19.869,-138.039
-20.4744,-138.437
-21.0798,-138.834
-21.6853,-139.23
-22.2907,-139.625
-22.8961,-140.019
-23.5016,-140.412
-24.107,-140.804
-24.7124,-141.195
-25.3179,-141.582
-25.9233,-141.966
-26.5287,-142.349
-27.1342,-142.73
-27.7396,-143.111
-28.345,-143.49
-28.9505,-143.869
-29.5559,-144.247
-30.1613,-144.625
-30.7668,-145.001
-31.3722,-145.377
-31.9776,-145.751
-32.5831,-146.126
-33.1885,-146.499
-33.7939,-146.872
-34.3994,-147.244
-35.0048,-147.615
-35.6102,-147.986
-36.2157,-148.352
-36.8211,-148.717
-37.4265,-149.082
-38.032,-149.578
-38.6374,-150.379
-39.2428,-151.507
-39.8483,-153.004
-40.4537,-154.911
-41.0591,-157.265
-41.6646,-160.125
-42.27,-163.537
-42.8754,-167.569
-43.4809,-172.17
-44.0863,-176.841
-44.6917,-181.511
-45.2972,-186.179
-45.9026,-190.846
-46.508,-195.512
-47.1135,-200.177
-47.7189,-204.841
-48.3243,-209.503
-48.9298,-214.162
-49.5352,-218.819
-50.1406,-223.469
-50.7461,-228.116
-51.3515,-232.762
-51.9569,-237.407
-52.5624,-242.05
-53.1678,-246.691
-53.7732,-251.33
-54.3787,-255.966
-54.9841,-260.597
-55.5895,-265.226
-56.195,-269.852
-56.8004,-274.475
-57.4058,-279.094
-58.0113,-283.71
-58.6167,-288.324
-59.2221,-292.934
-59.8276,-297.54
-60.433,-302.144
-61.0384,-306.744
-61.6439,-311.34
-62.2493,-315.934
-62.8547,-320.522
-63.4602,-325.107
-64.0656,-329.689
-64.671,-334.266
-65.2765,-338.84
-65.8819,-343.41
-66.4873,-347.975
-67.0928,-352.537
-67.6982,-357.094
-68.3036,-361.647
-68.9091,-366.193
-69.5145,-370.732
-70.1199,-375.267
-70.7254,-379.798
-71.3308,-384.324
-71.9362,-388.845
-72.5417,-393.363
-73.1471,-397.875
-73.7525,-402.381
-74.358,-406.884
-74.9634,-411.381
-75.5688,-415.873
-76.1743,-420.361
-76.7797,-424.842
-77.3851,-429.317
-77.9906,-433.787
-78.596,-434.97
-79.2014,-434.45
-79.8069,-431.114
-80.4123,-430.608
-81.0177,-430.107
-81.6232,-429.612
-82.2286,-429.124
-82.834,-428.641
-83.4395,-428.164
-84.0449,-425.045
-84.6503,-424.584
-85.2558,-424.13
-85.8612,-423.684
-86.4666,-423.246
-87.0721,-422.818
-87.6775,-422.397
-88.2829,-421.978
-88.8884,-419.088
-89.4938,-418.679
-90.0992,-418.277
-90.7047,-417.881
-91.3101,-417.491
